# Conservation scores for LYS2, accession GCF_000146045.2
# Position	Conservation_Score
1	0.5096
2	0.1214
3	0.1503
4	0.4084
5	0.2182
6	0.3315
7	0.4956
8	0.1946
9	0.1950
10	0.4012
11	0.5808
12	0.2082
13	0.4238
14	0.3641
15	0.4401
16	0.1802
17	0.3255
18	0.1926
19	0.5589
20	0.3932
21	0.2341
22	0.5960
23	0.4551
24	0.4204
25	0.3647
26	0.3938
27	0.1064
28	0.0946
29	0.1874
30	0.2864
31	0.1305
32	0.2699
33	0.0852
34	0.4629
35	0.4884
36	0.1770
37	0.2323
38	0.3770
39	0.2683
40	0.1589
41	0.4527
42	0.3196
43	0.1381
44	0.1150
45	0.2860
46	0.3756
47	0.2357
48	0.1551
49	0.1848
50	0.0878
51	0.0852
52	0.1547
53	0.3387
54	0.1603
55	0.4321
56	0.1625
57	0.2327
58	0.2431
59	0.5737
60	0.2934
61	0.4042
62	0.4238
63	0.2050
64	0.3357
65	0.5804
66	0.2407
67	0.1623
68	0.5890
69	0.2673
70	0.5792
71	0.5355
72	0.5357
73	0.3150
74	0.5325
75	0.4439
76	0.2852
77	0.2393
78	0.3142
79	0.3164
80	0.3617
81	0.3603
82	0.4026
83	0.2471
84	0.3599
85	0.4948
86	0.5531
87	0.2000
88	0.1469
89	0.3739
90	0.2255
91	0.3347
92	0.2248
93	0.1928
94	0.2477
95	0.5721
96	0.1010
97	0.2108
98	0.3615
99	0.2493
100	0.1810
101	0.2178
102	0.3922
103	0.1932
104	0.1579
105	0.1719
106	0.1621
107	0.2244
108	0.3150
109	0.1974
110	0.2563
111	0.3120
112	0.2593
113	0.0884
114	0.0820
115	0.0782
116	0.3942
117	0.4377
118	0.2599
119	0.1772
120	0.1758
121	0.4527
122	0.1874
123	0.1824
124	0.1727
125	0.3483
126	0.3080
127	0.1641
128	0.2433
129	0.1224
130	0.2110
131	0.1810
132	0.3459
133	0.2551
134	0.1553
135	0.5635
136	0.1168
137	0.5180
138	0.5519
139	0.5244
140	0.2345
141	0.2890
142	0.3429
143	0.2178
144	0.1273
145	0.2515
146	0.3200
147	0.0936
148	0.0880
149	0.0828
150	0.2549
151	0.2309
152	0.1798
153	0.2665
154	0.1581
155	0.1531
156	0.1719
157	0.0902
158	0.3046
159	0.5986
160	0.4108
161	0.2240
162	0.2585
163	0.2671
164	0.3000
165	0.1715
166	0.0934
167	0.1625
168	0.1577
169	0.0842
170	0.1389
171	0.1511
172	0.2226
173	0.4649
174	0.1760
175	0.1812
176	0.2012
177	0.5788
178	0.5978
179	0.2802
180	0.3062
181	0.5599
182	0.4501
183	0.4281
184	0.2649
185	0.2251
186	0.5980
187	0.4579
188	0.1784
189	0.2146
190	0.2904
191	0.2830
192	0.2162
193	0.5631
194	0.4158
195	0.1770
196	0.3094
197	0.1942
198	0.3002
199	0.1236
200	0.2958
201	0.5729
202	0.2263
203	0.2044
204	0.2882
205	0.4946
206	0.1453
207	0.1581
208	0.2146
209	0.3836
210	0.4267
211	0.1832
212	0.3774
213	0.2024
214	0.3711
215	0.1593
216	0.5261
217	0.1617
218	0.2090
219	0.4062
220	0.2311
221	0.1966
222	0.1854
223	0.7379
224	0.9585
225	0.8497
226	0.9503
227	0.7515
228	0.3315
229	0.7621
230	0.9571
231	0.3281
232	0.9537
233	0.5802
234	0.2816
235	0.5455
236	0.4343
237	0.9567
238	0.6375
239	0.9509
240	0.5834
241	0.6158
242	0.8062
243	0.9545
244	0.4022
245	0.2431
246	0.9120
247	0.9429
248	0.3683
249	0.4293
250	0.6323
251	0.9559
252	0.5108
253	0.6900
254	0.3004
255	0.9134
256	0.8669
257	0.7046
258	0.8395
259	0.7283
260	0.2780
261	0.5022
262	0.0836
263	0.0926
264	0.0982
265	0.3419
266	0.5992
267	0.2697
268	0.8246
269	0.2315
270	0.8297
271	0.8188
272	0.9439
273	0.3760
274	0.6323
275	0.8956
276	0.4206
277	0.6319
278	0.7972
279	0.8172
280	0.8531
281	0.5190
282	0.6737
283	0.7010
284	0.7747
285	0.5573
286	0.8776
287	0.4074
288	0.2315
289	0.2397
290	0.9431
291	0.5637
292	0.3970
293	0.6860
294	0.7523
295	0.6347
296	0.9102
297	0.9479
298	0.8287
299	0.4950
300	0.7371
301	0.7862
302	0.4102
303	0.9593
304	0.6731
305	0.9391
306	0.8160
307	0.9269
308	0.7890
309	0.8036
310	0.7603
311	0.5944
312	0.8814
313	0.8164
314	0.4756
315	0.9689
316	0.6918
317	0.8768
318	0.9615
319	0.9050
320	0.8986
321	0.7585
322	0.8491
323	0.9549
324	0.6383
325	0.9707
326	0.9705
327	0.7178
328	0.9659
329	0.9739
330	0.8611
331	0.3142
332	0.9691
333	0.9661
334	0.2152
335	0.8062
336	0.9295
337	0.9593
338	0.2920
339	0.9573
340	0.7317
341	0.3291
342	0.9691
343	0.7545
344	0.6066
345	0.9305
346	0.4946
347	0.4687
348	0.7126
349	0.2114
350	0.5299
351	0.9569
352	0.9541
353	0.2653
354	0.7645
355	0.2998
356	0.3224
357	0.3411
358	0.9677
359	0.5988
360	0.3114
361	0.5689
362	0.8122
363	0.2940
364	0.4068
365	0.4509
366	0.9323
367	0.2741
368	0.5946
369	0.4267
370	0.4816
371	0.5838
372	0.5128
373	0.8611
374	0.5355
375	0.8092
376	0.3064
377	0.5998
378	0.2838
379	0.6000
380	0.7084
381	0.9389
382	0.3711
383	0.6571
384	0.2427
385	0.9222
386	0.8872
387	0.2295
388	0.2872
389	0.6451
390	0.0968
391	0.1098
392	0.2024
393	0.8976
394	0.5774
395	0.6743
396	0.4577
397	0.2072
398	0.3379
399	0.2441
400	0.2248
401	0.4754
402	0.4802
403	0.3397
404	0.2976
405	0.3140
406	0.4998
407	0.5894
408	0.8874
409	0.4898
410	0.7473
411	0.9717
412	0.9481
413	0.9683
414	0.9487
415	0.3056
416	0.6812
417	0.9321
418	0.9643
419	0.9623
420	0.9551
421	0.9784
422	0.9727
423	0.9806
424	0.9204
425	0.6848
426	0.9447
427	0.3958
428	0.9790
429	0.9788
430	0.9571
431	0.9685
432	0.3381
433	0.9605
434	0.9623
435	0.9703
436	0.6613
437	0.9517
438	0.9689
439	0.5202
440	0.4876
441	0.7499
442	0.8541
443	0.7331
444	0.9659
445	0.9705
446	0.4659
447	0.5485
448	0.4597
449	0.9745
450	0.4086
451	0.8888
452	0.5004
453	0.4685
454	0.4020
455	0.6255
456	0.5347
457	0.9244
458	0.8455
459	0.8172
460	0.9733
461	0.9733
462	0.9723
463	0.9565
464	0.9387
465	0.9747
466	0.9743
467	0.9754
468	0.8878
469	0.9733
470	0.9745
471	0.9766
472	0.6711
473	0.9451
474	0.9443
475	0.9794
476	0.9148
477	0.9393
478	0.8152
479	0.9800
480	0.9403
481	0.6158
482	0.9429
483	0.4884
484	0.7537
485	0.9784
486	0.4056
487	0.2549
488	0.6265
489	0.8828
490	0.9766
491	0.4054
492	0.3170
493	0.4824
494	0.4122
495	0.4685
496	0.9810
497	0.9365
498	0.8273
499	0.9808
500	0.8503
501	0.3419
502	0.3178
503	0.3814
504	0.4000
505	0.3990
506	0.8713
507	0.8419
508	0.9253
509	0.9749
510	0.9786
511	0.9822
512	0.9850
513	0.9786
514	0.9719
515	0.9782
516	0.9655
517	0.5545
518	0.9749
519	0.4711
520	0.5531
521	0.4982
522	0.9122
523	0.4794
524	0.5303
525	0.3707
526	0.6070
527	0.8677
528	0.5409
529	0.9838
530	0.5317
531	0.5309
532	0.7776
533	0.9351
534	0.9421
535	0.9802
536	0.9870
537	0.9790
538	0.5627
539	0.9788
540	0.6132
541	0.8507
542	0.8964
543	0.9655
544	0.8850
545	0.4106
546	0.5625
547	0.9505
548	0.7946
549	0.1655
550	0.9341
551	0.9453
552	0.4994
553	0.9357
554	0.6020
555	0.3653
556	0.8577
557	0.5854
558	0.9477
559	0.9120
560	0.9521
561	0.9844
562	0.9383
563	0.9854
564	0.9882
565	0.9543
566	0.8944
567	0.9780
568	0.8743
569	0.9794
570	0.9794
571	0.8631
572	0.5170
573	0.6834
574	0.6601
575	0.7956
576	0.8064
577	0.2425
578	0.3699
579	0.3004
580	0.5747
581	0.5812
582	0.1992
583	0.6248
584	0.9425
585	0.4363
586	0.3381
587	0.3012
588	0.6842
589	0.8317
590	0.6188
591	0.5760
592	0.9228
593	0.9343
594	0.9856
595	0.3451
596	0.9828
597	0.9443
598	0.2617
599	0.4880
600	0.9800
601	0.9786
602	0.7770
603	0.9593
604	0.9309
605	0.9327
606	0.7136
607	0.9375
608	0.2545
609	0.7295
610	0.5573
611	0.3912
612	0.2970
613	0.3583
614	0.9743
615	0.3820
616	0.5657
617	0.9824
618	0.9156
619	0.5441
620	0.9665
621	0.9641
622	0.8721
623	0.8669
624	0.8563
625	0.9561
626	0.7589
627	0.6293
628	0.9579
629	0.9527
630	0.9321
631	0.9329
632	0.8561
633	0.9743
634	0.7417
635	0.5519
636	0.3525
637	0.5888
638	0.5487
639	0.5938
640	0.4970
641	0.3509
642	0.4379
643	0.9766
644	0.9852
645	0.5076
646	0.2565
647	0.9251
648	0.9461
649	0.8864
650	0.7218
651	0.5004
652	0.3739
653	0.2397
654	0.3844
655	0.7048
656	0.3397
657	0.3842
658	0.2190
659	0.7852
660	0.3774
661	0.1792
662	0.1447
663	0.2004
664	0.6780
665	0.8134
666	0.7174
667	0.7257
668	0.2593
669	0.5267
670	0.5892
671	0.4509
672	0.9555
673	0.7515
674	0.9619
675	0.9770
676	0.9756
677	0.6156
678	0.9846
679	0.9441
680	0.5226
681	0.9864
682	0.9846
683	0.9810
684	0.9784
685	0.8144
686	0.9104
687	0.4084
688	0.7110
689	0.4818
690	0.9806
691	0.4186
692	0.8124
693	0.8325
694	0.8834
695	0.4172
696	0.9842
697	0.9850
698	0.7802
699	0.9814
700	0.7966
701	0.9788
702	0.9052
703	0.9810
704	0.9545
705	0.9810
706	0.9800
707	0.9756
708	0.9824
709	0.9601
710	0.9804
711	0.9790
712	0.8104
713	0.9136
714	0.9673
715	0.9409
716	0.6597
717	0.6958
718	0.8403
719	0.8826
720	0.5331
721	0.8505
722	0.8539
723	0.7723
724	0.7074
725	0.9441
726	0.7812
727	0.8142
728	0.6575
729	0.9752
730	0.9473
731	0.8571
732	0.8399
733	0.8649
734	0.8279
735	0.6136
736	0.3537
737	0.8635
738	0.9619
739	0.5633
740	0.6950
741	0.9834
742	0.8287
743	0.7613
744	0.8790
745	0.3914
746	0.9629
747	0.9667
748	0.1172
749	0.0994
750	0.1230
751	0.1012
752	0.1377
753	0.1251
754	0.4042
755	0.3473
756	0.1968
757	0.3355
758	0.5655
759	0.1066
760	0.2253
761	0.2936
762	0.2208
763	0.3635
764	0.3984
765	0.3908
766	0.2242
767	0.1778
768	0.2433
769	0.3667
770	0.1447
771	0.3261
772	0.5287
773	0.2683
774	0.2900
775	0.6172
776	0.3846
777	0.5419
778	0.5240
779	0.6090
780	0.2756
781	0.8251
782	0.2958
783	0.3072
784	0.6852
785	0.4090
786	0.8120
787	0.4689
788	0.4950
789	0.9749
790	0.7080
791	0.3703
792	0.6741
793	0.9449
794	0.7501
795	0.4208
796	0.9186
797	0.7739
798	0.7060
799	0.9856
800	0.4942
801	0.4319
802	0.4685
803	0.4904
804	0.7128
805	0.7677
806	0.2511
807	0.5579
808	0.4886
809	0.9818
810	0.9776
811	0.8307
812	0.9794
813	0.9776
814	0.9677
815	0.9834
816	0.4794
817	0.9824
818	0.8008
819	0.8140
820	0.6363
821	0.9824
822	0.8703
823	0.9142
824	0.9764
825	0.7150
826	0.4988
827	0.6164
828	0.3497
829	0.5559
830	0.2858
831	0.4996
832	0.4381
833	0.5735
834	0.2293
835	0.3188
836	0.3132
837	0.1483
838	0.0978
839	0.3697
840	0.2202
841	0.1633
842	0.1846
843	0.1966
844	0.2255
845	0.5016
846	0.4930
847	0.3792
848	0.7603
849	0.8214
850	0.2802
851	0.3036
852	0.3625
853	0.5814
854	0.2621
855	0.5463
856	0.9703
857	0.5401
858	0.2385
859	0.5124
860	0.5990
861	0.6297
862	0.3529
863	0.2842
864	0.4104
865	0.2569
866	0.2319
867	0.6339
868	0.2319
869	0.4986
870	0.5236
871	0.5100
872	0.6068
873	0.9814
874	0.9453
875	0.8858
876	0.7283
877	0.9828
878	0.9806
879	0.8990
880	0.9812
881	0.7743
882	0.7898
883	0.9259
884	0.5066
885	0.5489
886	0.5114
887	0.3421
888	0.7170
889	0.3202
890	0.3677
891	0.7950
892	0.5553
893	0.3383
894	0.3822
895	0.3593
896	0.4872
897	0.5806
898	0.3315
899	0.5864
900	0.4130
901	0.4216
902	0.2549
903	0.5613
904	0.7092
905	0.2497
906	0.2415
907	0.8727
908	0.8471
909	0.6144
910	0.3082
911	0.4886
912	0.5447
913	0.6631
914	0.5134
915	0.5240
916	0.6709
917	0.7359
918	0.5285
919	0.4535
920	0.2389
921	0.2575
922	0.2022
923	0.1092
924	0.1032
925	0.1645
926	0.2439
927	0.3124
928	0.2814
929	0.1729
930	0.1032
931	0.1164
932	0.1553
933	0.0818
934	0.1515
935	0.1070
936	0.0996
937	0.4836
938	0.9756
939	0.4475
940	0.2653
941	0.7802
942	0.5313
943	0.2369
944	0.3253
945	0.9138
946	0.3976
947	0.2230
948	0.2874
949	0.8701
950	0.5595
951	0.2150
952	0.4391
953	0.4659
954	0.4739
955	0.3106
956	0.2335
957	0.2210
958	0.1599
959	0.3954
960	0.0818
961	0.1559
962	0.2914
963	0.1645
964	0.1471
965	0.0804
966	0.0812
967	0.0912
968	0.0850
969	0.0904
970	0.2309
971	0.2389
972	0.6216
973	0.6507
974	0.8383
975	0.7838
976	0.9770
977	0.9790
978	0.7986
979	0.9735
980	0.9788
981	0.9419
982	0.9758
983	0.9782
984	0.6102
985	0.4776
986	0.6888
987	0.7401
988	0.4846
989	0.7651
990	0.7944
991	0.9463
992	0.1956
993	0.7695
994	0.1846
995	0.2922
996	0.0968
997	0.0924
998	0.2511
999	0.1874
1000	0.2162
1001	0.6279
1002	0.8104
1003	0.4341
1004	0.6305
1005	0.5044
1006	0.8892
1007	0.9768
1008	0.7840
1009	0.6790
1010	0.4689
1011	0.2164
1012	0.4164
1013	0.3968
1014	0.7413
1015	0.6092
1016	0.3317
1017	0.9772
1018	0.5024
1019	0.5098
1020	0.2050
1021	0.3976
1022	0.3926
1023	0.1924
1024	0.4856
1025	0.7391
1026	0.8307
1027	0.2609
1028	0.9693
1029	0.3325
1030	0.4475
1031	0.3679
1032	0.8485
1033	0.2509
1034	0.4423
1035	0.6792
1036	0.5745
1037	0.3707
1038	0.3112
1039	0.7940
1040	0.2194
1041	0.9723
1042	0.8413
1043	0.9361
1044	0.3030
1045	0.4689
1046	0.5367
1047	0.2970
1048	0.5212
1049	0.9705
1050	0.6988
1051	0.4920
1052	0.3351
1053	0.2804
1054	0.2148
1055	0.8790
1056	0.2220
1057	0.2709
1058	0.6441
1059	0.4926
1060	0.2687
1061	0.3076
1062	0.5884
1063	0.9341
1064	0.4840
1065	0.5862
1066	0.7457
1067	0.9717
1068	0.9715
1069	0.9439
1070	0.9741
1071	0.6052
1072	0.9729
1073	0.9220
1074	0.9709
1075	0.7956
1076	0.5920
1077	0.7910
1078	0.9427
1079	0.4134
1080	0.2998
1081	0.8186
1082	0.5760
1083	0.3034
1084	0.5599
1085	0.9743
1086	0.9721
1087	0.4737
1088	0.5721
1089	0.9593
1090	0.4870
1091	0.3671
1092	0.5980
1093	0.4461
1094	0.3345
1095	0.8593
1096	0.6387
1097	0.5220
1098	0.2293
1099	0.7926
1100	0.8104
1101	0.6633
1102	0.9697
1103	0.2437
1104	0.6729
1105	0.2573
1106	0.8990
1107	0.8972
1108	0.9739
1109	0.9601
1110	0.9695
1111	0.9232
1112	0.4974
1113	0.8503
1114	0.9557
1115	0.5846
1116	0.5499
1117	0.6066
1118	0.7667
1119	0.6032
1120	0.2194
1121	0.6421
1122	0.8421
1123	0.3782
1124	0.2074
1125	0.2725
1126	0.2453
1127	0.3471
1128	0.2361
1129	0.6892
1130	0.3711
1131	0.1778
1132	0.6701
1133	0.4986
1134	0.3333
1135	0.9713
1136	0.4004
1137	0.9639
1138	0.8749
1139	0.7625
1140	0.5673
1141	0.8098
1142	0.7307
1143	0.5353
1144	0.2752
1145	0.8794
1146	0.9713
1147	0.5910
1148	0.7082
1149	0.9739
1150	0.9725
1151	0.9655
1152	0.9649
1153	0.7411
1154	0.9721
1155	0.9697
1156	0.5319
1157	0.4008
1158	0.9729
1159	0.4593
1160	0.7194
1161	0.4313
1162	0.6455
1163	0.6253
1164	0.9611
1165	0.8034
1166	0.4146
1167	0.8325
1168	0.9709
1169	0.9014
1170	0.3523
1171	0.8156
1172	0.2737
1173	0.6792
1174	0.5417
1175	0.9705
1176	0.8525
1177	0.9581
1178	0.9661
1179	0.6737
1180	0.5377
1181	0.9661
1182	0.6629
1183	0.6152
1184	0.2269
1185	0.5667
1186	0.8387
1187	0.4279
1188	0.5491
1189	0.9042
1190	0.8782
1191	0.9671
1192	0.9705
1193	0.9545
1194	0.7934
1195	0.3451
1196	0.9667
1197	0.5507
1198	0.5080
1199	0.9573
1200	0.9495
1201	0.8251
1202	0.4764
1203	0.8561
1204	0.7818
1205	0.6208
1206	0.2517
1207	0.5529
1208	0.9693
1209	0.4511
1210	0.8289
1211	0.2289
1212	0.9643
1213	0.6639
1214	0.7116
1215	0.9497
1216	0.6263
1217	0.8315
1218	0.9289
1219	0.9603
1220	0.6653
1221	0.7964
1222	0.9603
1223	0.8768
1224	0.7459
1225	0.6098
1226	0.7633
1227	0.4906
1228	0.7196
1229	0.3760
1230	0.6086
1231	0.4483
1232	0.3741
1233	0.7595
1234	0.7026
1235	0.0888
1236	0.1583
1237	0.0978
1238	0.2922
1239	0.3820
1240	0.2878
1241	0.9457
1242	0.4589
1243	0.5451
1244	0.7950
1245	0.8425
1246	0.4212
1247	0.8030
1248	0.9335
1249	0.7655
1250	0.4964
1251	0.5244
1252	0.6956
1253	0.7301
1254	0.3437
1255	0.4078
1256	0.7982
1257	0.4315
1258	0.3786
1259	0.9409
1260	0.3277
1261	0.2064
1262	0.7982
1263	0.9623
1264	0.8637
1265	0.3537
1266	0.7066
1267	0.5164
1268	0.3166
1269	0.5487
1270	0.4196
1271	0.9443
1272	0.2537
1273	0.2222
1274	0.9699
1275	0.4265
1276	0.1673
1277	0.3104
1278	0.8054
1279	0.7918
1280	0.1944
1281	0.5024
1282	0.8335
1283	0.1389
1284	0.2186
1285	0.1954
1286	0.4102
1287	0.4477
1288	0.3549
1289	0.4004
1290	0.9355
1291	0.9651
1292	0.3655
1293	0.9032
1294	0.9623
1295	0.4022
1296	0.9379
1297	0.6675
1298	0.7766
1299	0.4056
1300	0.3960
1301	0.7541
1302	0.9663
1303	0.9571
1304	0.2401
1305	0.3645
1306	0.9224
1307	0.6637
1308	0.8030
1309	0.8756
1310	0.8285
1311	0.9144
1312	0.8719
1313	0.9359
1314	0.3475
1315	0.7906
1316	0.7078
1317	0.3200
1318	0.5497
1319	0.2932
1320	0.8944
1321	0.3888
1322	0.4591
1323	0.6968
1324	0.4222
1325	0.2928
1326	0.5591
1327	0.4689
1328	0.7361
1329	0.2639
1330	0.6561
1331	0.1635
1332	0.6453
1333	0.3970
1334	0.6539
1335	0.2257
1336	0.5942
1337	0.6794
1338	0.5160
1339	0.3725
1340	0.5409
1341	0.3689
1342	0.5072
1343	0.9108
1344	0.3148
1345	0.8850
1346	0.5333
1347	0.4487
1348	0.6128
1349	0.9477
1350	0.4683
1351	0.2479
1352	0.3234
1353	0.7880
1354	0.9289
1355	0.6667
1356	0.6876
1357	0.3046
1358	0.9515
1359	0.1379
1360	0.2493
1361	0.1906
1362	0.6234
1363	0.1273
1364	0.3703
1365	0.3623
1366	0.9373
1367	0.8906
1368	0.1647
1369	0.2341
1370	0.2675
1371	0.5613
1372	0.3737
1373	0.2411
1374	0.2918
1375	0.4846
1376	0.2024
1377	0.2846
1378	0.5555
1379	0.3405
1380	0.2772
1381	0.1998
1382	0.6926
1383	0.1333
1384	0.8687
1385	0.1315
1386	0.9555
1387	0.5958
1388	0.6329
1389	0.2567
1390	0.2882
1391	0.1230
1392	0.0862
