# Conservation scores for ACO2, accession GCF_000146045.2
# Position	Conservation_Score
1	0.4275
2	0.4263
3	0.2713
4	0.2747
5	0.6331
6	0.2473
7	0.1032
8	0.0962
9	0.5463
10	0.1481
11	0.3675
12	0.9140
13	0.2607
14	0.5880
15	0.8369
16	0.8016
17	0.1786
18	0.4679
19	0.0828
20	0.0986
21	0.1098
22	0.1826
23	0.0892
24	0.2497
25	0.4549
26	0.1114
27	0.0866
28	0.2002
29	0.1900
30	0.3936
31	0.4108
32	0.3639
33	0.8120
34	0.6982
35	0.9663
36	0.3190
37	0.7136
38	0.6637
39	0.3952
40	0.1705
41	0.5481
42	0.7914
43	0.2992
44	0.1902
45	0.8475
46	0.7397
47	0.4074
48	0.4788
49	0.8353
50	0.2361
51	0.3014
52	0.5998
53	0.4956
54	0.9643
55	0.9511
56	0.9194
57	0.8902
58	0.9679
59	0.9792
60	0.9232
61	0.8752
62	0.9371
63	0.6631
64	0.9766
65	0.9429
66	0.5244
67	0.5882
68	0.6403
69	0.7784
70	0.7160
71	0.6864
72	0.6778
73	0.5034
74	0.3182
75	0.5180
76	0.2924
77	0.1042
78	0.1166
79	0.4499
80	0.8070
81	0.9647
82	0.9659
83	0.2806
84	0.5565
85	0.4756
86	0.9711
87	0.7862
88	0.9585
89	0.4862
90	0.9657
91	0.9006
92	0.9735
93	0.9691
94	0.8228
95	0.8523
96	0.9774
97	0.9848
98	0.9826
99	0.8613
100	0.9824
101	0.9812
102	0.9661
103	0.9770
104	0.8158
105	0.9838
106	0.9874
107	0.9892
108	0.9675
109	0.6114
110	0.6377
111	0.7471
112	0.7780
113	0.5844
114	0.4186
115	0.6910
116	0.8754
117	0.7743
118	0.9872
119	0.7287
120	0.8808
121	0.8473
122	0.9868
123	0.9858
124	0.9890
125	0.9890
126	0.6198
127	0.9737
128	0.7152
129	0.7309
130	0.1471
131	0.4427
132	0.9854
133	0.7725
134	0.5036
135	0.2355
136	0.9886
137	0.9429
138	0.4711
139	0.2924
140	0.6770
141	0.8427
142	0.2188
143	0.3719
144	0.9647
145	0.5930
146	0.9898
147	0.9110
148	0.8190
149	0.9068
150	0.9902
151	0.9850
152	0.7230
153	0.8731
154	0.7399
155	0.8279
156	0.6968
157	0.5856
158	0.9703
159	0.9174
160	0.8110
161	0.5038
162	0.9888
163	0.9898
164	0.5160
165	0.9886
166	0.9894
167	0.5301
168	0.9916
169	0.9920
170	0.9888
171	0.9922
172	0.9892
173	0.4493
174	0.9204
175	0.9633
176	0.9922
177	0.9625
178	0.8337
179	0.6938
180	0.6854
181	0.9928
182	0.9898
183	0.7124
184	0.6747
185	0.9263
186	0.8597
187	0.9856
188	0.9812
189	0.9920
190	0.9920
191	0.9924
192	0.8311
193	0.9854
194	0.9896
195	0.8834
196	0.9880
197	0.9910
198	0.9776
199	0.8242
200	0.5509
201	0.7313
202	0.8202
203	0.9224
204	0.9900
205	0.9902
206	0.9892
207	0.9910
208	0.9902
209	0.9900
210	0.9912
211	0.9910
212	0.8305
213	0.8525
214	0.7106
215	0.5335
216	0.4499
217	0.5321
218	0.9860
219	0.9872
220	0.9894
221	0.9808
222	0.9758
223	0.9132
224	0.9928
225	0.6603
226	0.5699
227	0.6880
228	0.9790
229	0.9242
230	0.4244
231	0.9870
232	0.5305
233	0.9832
234	0.4834
235	0.8858
236	0.5405
237	0.8196
238	0.9910
239	0.5337
240	0.6331
241	0.9597
242	0.9942
243	0.9944
244	0.5192
245	0.9934
246	0.7968
247	0.3665
248	0.8465
249	0.9697
250	0.9860
251	0.4170
252	0.9872
253	0.9743
254	0.9910
255	0.8401
256	0.9926
257	0.9918
258	0.9914
259	0.9802
260	0.4339
261	0.8523
262	0.5623
263	0.9948
264	0.9892
265	0.6116
266	0.9942
267	0.6433
268	0.9886
269	0.9074
270	0.4852
271	0.5743
272	0.8315
273	0.9523
274	0.7762
275	0.9858
276	0.9870
277	0.8283
278	0.8713
279	0.9858
280	0.6950
281	0.8441
282	0.9902
283	0.9906
284	0.9892
285	0.9908
286	0.9948
287	0.6339
288	0.9952
289	0.9924
290	0.9922
291	0.9888
292	0.9874
293	0.2745
294	0.9936
295	0.9900
296	0.5202
297	0.3511
298	0.3507
299	0.3990
300	0.4914
301	0.3034
302	0.3597
303	0.9896
304	0.9940
305	0.3521
306	0.7343
307	0.9918
308	0.3311
309	0.9932
310	0.3892
311	0.2693
312	0.4399
313	0.7944
314	0.2673
315	0.6108
316	0.8118
317	0.2944
318	0.0912
319	0.1172
320	0.1070
321	0.4068
322	0.2327
323	0.1020
324	0.4138
325	0.3820
326	0.8293
327	0.5435
328	0.8289
329	0.9958
330	0.3527
331	0.6641
332	0.9060
333	0.6014
334	0.9796
335	0.9930
336	0.3653
337	0.5248
338	0.8375
339	0.5214
340	0.9533
341	0.5198
342	0.9928
343	0.9008
344	0.4162
345	0.8766
346	0.9902
347	0.9960
348	0.8369
349	0.6701
350	0.9918
351	0.9948
352	0.9960
353	0.9317
354	0.9928
355	0.9936
356	0.9938
357	0.9363
358	0.6303
359	0.7956
360	0.9224
361	0.7261
362	0.9531
363	0.5240
364	0.8491
365	0.3926
366	0.3778
367	0.3992
368	0.6820
369	0.3707
370	0.5018
371	0.4595
372	0.2425
373	0.9669
374	0.8547
375	0.4689
376	0.3573
377	0.4729
378	0.5255
379	0.8295
380	0.8253
381	0.9888
382	0.9930
383	0.9944
384	0.9958
385	0.9956
386	0.9956
387	0.9954
388	0.9948
389	0.9928
390	0.9798
391	0.6220
392	0.9962
393	0.9766
394	0.6415
395	0.9309
396	0.4709
397	0.5261
398	0.4792
399	0.6409
400	0.5858
401	0.6379
402	0.7623
403	0.9918
404	0.3333
405	0.4788
406	0.8056
407	0.9910
408	0.8864
409	0.7697
410	0.6990
411	0.6862
412	0.4597
413	0.5004
414	0.9749
415	0.5511
416	0.5836
417	0.9691
418	0.9942
419	0.9938
420	0.9942
421	0.9607
422	0.9355
423	0.9134
424	0.9796
425	0.9431
426	0.9918
427	0.6146
428	0.6745
429	0.9479
430	0.9619
431	0.6020
432	0.4886
433	0.5671
434	0.2008
435	0.5996
436	0.7782
437	0.4307
438	0.3784
439	0.6062
440	0.9858
441	0.6962
442	0.3295
443	0.8703
444	0.9898
445	0.8188
446	0.9852
447	0.9836
448	0.9886
449	0.9862
450	0.9529
451	0.9543
452	0.9467
453	0.9543
454	0.9295
455	0.9519
456	0.5036
457	0.9543
458	0.3884
459	0.8507
460	0.6611
461	0.0932
462	0.4000
463	0.1070
464	0.7144
465	0.7162
466	0.6391
467	0.2194
468	0.9565
469	0.6792
470	0.9559
471	0.4182
472	0.8437
473	0.9583
474	0.6126
475	0.9611
476	0.9611
477	0.9613
478	0.9611
479	0.4459
480	0.6018
481	0.9611
482	0.9527
483	0.9585
484	0.8699
485	0.9487
486	0.4022
487	0.1741
488	0.9597
489	0.8138
490	0.8102
491	0.9575
492	0.8361
493	0.7236
494	0.9385
495	0.9609
496	0.7521
497	0.5681
498	0.9411
499	0.8956
500	0.9471
501	0.7236
502	0.4948
503	0.5156
504	0.5214
505	0.9519
506	0.4561
507	0.5124
508	0.4764
509	0.9477
510	0.9425
511	0.9587
512	0.4615
513	0.8687
514	0.9535
515	0.5762
516	0.4978
517	0.3393
518	0.4858
519	0.6543
520	0.3617
521	0.9551
522	0.4196
523	0.3643
524	0.9537
525	0.5749
526	0.8705
527	0.2427
528	0.8012
529	0.9591
530	0.1725
531	0.9465
532	0.2138
533	0.4301
534	0.7964
535	0.9597
536	0.3257
537	0.2527
538	0.7916
539	0.8208
540	0.3703
541	0.1729
542	0.9226
543	0.4152
544	0.3521
545	0.1940
546	0.5489
547	0.3283
548	0.8152
549	0.1214
550	0.0802
551	0.1028
552	0.3725
553	0.1719
554	0.7649
555	0.5263
556	0.4519
557	0.5455
558	0.5806
559	0.4858
560	0.6351
561	0.2856
562	0.5665
563	0.5812
564	0.8882
565	0.4303
566	0.9567
567	0.4353
568	0.9563
569	0.9575
570	0.5016
571	0.5928
572	0.9571
573	0.7441
574	0.9032
575	0.9569
576	0.2890
577	0.7116
578	0.5094
579	0.4890
580	0.1725
581	0.4677
582	0.5435
583	0.2649
584	0.4331
585	0.6365
586	0.3112
587	0.8026
588	0.9373
589	0.2675
590	0.8263
591	0.8465
592	0.4146
593	0.9539
594	0.6513
595	0.9068
596	0.9535
597	0.9563
598	0.9553
599	0.4864
600	0.9565
601	0.9491
602	0.8671
603	0.9184
604	0.9527
605	0.7291
606	0.9527
607	0.9487
608	0.9407
609	0.9373
610	0.8267
611	0.9531
612	0.9531
613	0.9519
614	0.4796
615	0.9533
616	0.9359
617	0.8343
618	0.2571
619	0.9529
620	0.7637
621	0.9433
622	0.7433
623	0.6818
624	0.9519
625	0.4337
626	0.9246
627	0.5509
628	0.5186
629	0.6782
630	0.8287
631	0.7325
632	0.5234
633	0.9509
634	0.4385
635	0.7014
636	0.6076
637	0.7854
638	0.2986
639	0.5106
640	0.7976
641	0.2737
642	0.2850
643	0.2882
644	0.3431
645	0.8242
646	0.9389
647	0.3890
648	0.6593
649	0.6647
650	0.2036
651	0.3375
652	0.6625
653	0.8271
654	0.2808
655	0.2713
656	0.6830
657	0.2816
658	0.4489
659	0.9517
660	0.4826
661	0.8232
662	0.6822
663	0.7028
664	0.6595
665	0.4703
666	0.9545
667	0.9467
668	0.9551
669	0.9521
670	0.9545
671	0.9545
672	0.8271
673	0.9549
674	0.9541
675	0.9527
676	0.9549
677	0.9459
678	0.9006
679	0.6790
680	0.8844
681	0.9493
682	0.5589
683	0.8507
684	0.9411
685	0.6186
686	0.4826
687	0.3998
688	0.6445
689	0.4962
690	0.3623
691	0.7118
692	0.9531
693	0.9507
694	0.9521
695	0.9517
696	0.9541
697	0.9515
698	0.9222
699	0.9413
700	0.9549
701	0.9399
702	0.9377
703	0.9521
704	0.9515
705	0.9519
706	0.6513
707	0.4900
708	0.9168
709	0.9367
710	0.8166
711	0.9379
712	0.5984
713	0.5064
714	0.4523
715	0.5593
716	0.9469
717	0.9301
718	0.7399
719	0.4944
720	0.7758
721	0.2756
722	0.5357
723	0.3896
724	0.9196
725	0.2487
726	0.6481
727	0.2705
728	0.8224
729	0.4218
730	0.7729
731	0.8285
732	0.3886
733	0.4956
734	0.3277
735	0.6882
736	0.1383
737	0.2932
738	0.2687
739	0.8663
740	0.1413
741	0.5357
742	0.2675
743	0.6659
744	0.3236
745	0.4377
746	0.2339
747	0.6840
748	0.3008
749	0.7830
750	0.4964
751	0.7076
752	0.2463
753	0.2928
754	0.9325
755	0.6263
756	0.2707
757	0.4032
758	0.2323
759	0.7194
760	0.4511
761	0.3242
762	0.5088
763	0.9186
764	0.7383
765	0.3277
766	0.7413
767	0.5072
768	0.8146
769	0.9429
770	0.2958
771	0.3713
772	0.6493
773	0.4212
774	0.4816
775	0.8226
776	0.9503
777	0.9465
778	0.9441
779	0.7862
780	0.9210
781	0.1677
782	0.4790
783	0.1579
784	0.1182
785	0.5234
786	0.4351
787	0.4238
788	0.2639
789	0.1359
