# Conservation scores for LYS20, accession GCF_000146045.2
# Position	Conservation_Score
1	0.0944
2	0.0982
3	0.1691
4	0.2102
5	0.2449
6	0.2806
7	0.6735
8	0.8858
9	0.9010
10	0.3575
11	0.4739
12	0.1425
13	0.1778
14	0.3613
15	0.9104
16	0.6958
17	0.9068
18	0.9393
19	0.9190
20	0.7705
21	0.5760
22	0.4501
23	0.8657
24	0.6178
25	0.8004
26	0.9595
27	0.8583
28	0.9543
29	0.9603
30	0.9645
31	0.9673
32	0.9563
33	0.9683
34	0.9635
35	0.9671
36	0.9599
37	0.9403
38	0.9485
39	0.9423
40	0.7747
41	0.9531
42	0.7996
43	0.8355
44	0.7399
45	0.4749
46	0.9669
47	0.9140
48	0.4914
49	0.9615
50	0.9627
51	0.7383
52	0.8988
53	0.9657
54	0.8902
55	0.5585
56	0.9447
57	0.9733
58	0.9381
59	0.7523
60	0.9108
61	0.9078
62	0.9725
63	0.9224
64	0.9607
65	0.9395
66	0.9655
67	0.5242
68	0.9299
69	0.9657
70	0.8232
71	0.9110
72	0.9669
73	0.8695
74	0.3852
75	0.9445
76	0.9577
77	0.8136
78	0.8659
79	0.9469
80	0.8655
81	0.8068
82	0.9593
83	0.9679
84	0.9691
85	0.9323
86	0.8423
87	0.9353
88	0.9062
89	0.9491
90	0.9577
91	0.9587
92	0.5850
93	0.9681
94	0.9617
95	0.7874
96	0.9110
97	0.8090
98	0.9743
99	0.9335
100	0.6050
101	0.3876
102	0.9733
103	0.8908
104	0.8325
105	0.9094
106	0.9719
107	0.9701
108	0.9611
109	0.9735
110	0.7796
111	0.9675
112	0.8976
113	0.9699
114	0.9541
115	0.9731
116	0.9780
117	0.9806
118	0.6992
119	0.4980
120	0.9780
121	0.9008
122	0.7804
123	0.5621
124	0.9721
125	0.9535
126	0.9711
127	0.9729
128	0.9200
129	0.9605
130	0.5168
131	0.8619
132	0.9812
133	0.3784
134	0.4611
135	0.5679
136	0.9824
137	0.6643
138	0.9798
139	0.9834
140	0.9657
141	0.6627
142	0.7160
143	0.8541
144	0.9818
145	0.9501
146	0.7792
147	0.9421
148	0.5890
149	0.9778
150	0.6182
151	0.9792
152	0.9868
153	0.9872
154	0.9104
155	0.9874
156	0.9866
157	0.9806
158	0.9818
159	0.9870
160	0.9852
161	0.8898
162	0.9100
163	0.9731
164	0.9587
165	0.9521
166	0.9798
167	0.6639
168	0.6838
169	0.9806
170	0.3792
171	0.6351
172	0.9701
173	0.9519
174	0.8343
175	0.4353
176	0.9844
177	0.9715
178	0.7980
179	0.9774
180	0.9737
181	0.9760
182	0.8497
183	0.9770
184	0.9856
185	0.9866
186	0.9780
187	0.9806
188	0.8990
189	0.9711
190	0.4729
191	0.9647
192	0.9411
193	0.9259
194	0.9745
195	0.9327
196	0.5168
197	0.9802
198	0.8263
199	0.9000
200	0.7834
201	0.9818
202	0.8220
203	0.7453
204	0.9248
205	0.9445
206	0.6673
207	0.9226
208	0.9583
209	0.9665
210	0.9719
211	0.4880
212	0.9846
213	0.8475
214	0.9826
215	0.8816
216	0.9786
217	0.8774
218	0.9687
219	0.8906
220	0.9475
221	0.8705
222	0.9645
223	0.9840
224	0.9523
225	0.7683
226	0.5074
227	0.9760
228	0.9749
229	0.9491
230	0.7780
231	0.9854
232	0.9790
233	0.8134
234	0.8092
235	0.7561
236	0.9774
237	0.8122
238	0.9531
239	0.9511
240	0.8774
241	0.9844
242	0.9743
243	0.9842
244	0.9810
245	0.9812
246	0.8878
247	0.9840
248	0.9735
249	0.9138
250	0.8796
251	0.9583
252	0.9715
253	0.8816
254	0.8904
255	0.6802
256	0.9663
257	0.8814
258	0.8904
259	0.4854
260	0.6403
261	0.7401
262	0.6134
263	0.4735
264	0.5116
265	0.9603
266	0.8958
267	0.6014
268	0.6958
269	0.9267
270	0.9756
271	0.5774
272	0.9028
273	0.3699
274	0.7172
275	0.7814
276	0.5611
277	0.4565
278	0.6363
279	0.9739
280	0.4772
281	0.8182
282	0.9615
283	0.9703
284	0.4966
285	0.7772
286	0.9806
287	0.6900
288	0.7120
289	0.8190
290	0.6491
291	0.9792
292	0.9711
293	0.8868
294	0.9693
295	0.4852
296	0.9138
297	0.9689
298	0.9774
299	0.7717
300	0.9152
301	0.9685
302	0.9727
303	0.9581
304	0.9749
305	0.9661
306	0.9671
307	0.9762
308	0.9715
309	0.9752
310	0.9597
311	0.9693
312	0.9747
313	0.9683
314	0.9800
315	0.6373
316	0.9224
317	0.9699
318	0.9299
319	0.9754
320	0.9758
321	0.9754
322	0.9709
323	0.5060
324	0.5016
325	0.9762
326	0.4429
327	0.9251
328	0.9613
329	0.9705
330	0.6727
331	0.5220
332	0.9627
333	0.9563
334	0.7641
335	0.6984
336	0.6954
337	0.6739
338	0.5828
339	0.9651
340	0.8918
341	0.9611
342	0.9741
343	0.9681
344	0.9655
345	0.9641
346	0.6760
347	0.9657
348	0.7367
349	0.9705
350	0.5224
351	0.4222
352	0.9601
353	0.9677
354	0.4090
355	0.7246
356	0.2627
357	0.5383
358	0.7920
359	0.9477
360	0.4170
361	0.8062
362	0.2996
363	0.9529
364	0.5824
365	0.4343
366	0.9597
367	0.6926
368	0.9008
369	0.9265
370	0.9647
371	0.4623
372	0.7547
373	0.7978
374	0.9645
375	0.5118
376	0.8896
377	0.5653
378	0.4132
379	0.5295
380	0.4519
381	0.8555
382	0.9230
383	0.4028
384	0.9629
385	0.7625
386	0.7475
387	0.7283
388	0.7361
389	0.2547
390	0.5172
391	0.7912
392	0.2453
393	0.3996
394	0.4910
395	0.2603
396	0.3120
397	0.4497
398	0.2361
399	0.5126
400	0.4066
401	0.2475
402	0.3174
403	0.4317
404	0.2435
405	0.0820
406	0.0798
407	0.0790
408	0.0848
409	0.0848
410	0.2567
411	0.1010
412	0.1263
413	0.1287
414	0.2020
415	0.3605
416	0.4597
417	0.1383
418	0.0786
419	0.1277
420	0.1870
421	0.1501
422	0.2619
423	0.3228
424	0.1220
425	0.3154
426	0.2052
427	0.2559
428	0.1443
