# Conservation scores for LYS9, accession GCF_000146045.2
# Position	Conservation_Score
1	0.8766
2	0.2281
3	0.2449
4	0.5709
5	0.6617
6	0.9623
7	0.8068
8	0.9625
9	0.9727
10	0.6766
11	0.9735
12	0.8782
13	0.9721
14	0.4836
15	0.3361
16	0.9764
17	0.5802
18	0.3954
19	0.4762
20	0.3182
21	0.8090
22	0.2976
23	0.3150
24	0.4052
25	0.0990
26	0.4381
27	0.4457
28	0.2248
29	0.7631
30	0.9190
31	0.8118
32	0.9373
33	0.8796
34	0.9445
35	0.8389
36	0.8772
37	0.5188
38	0.4872
39	0.9543
40	0.5040
41	0.3485
42	0.9301
43	0.5150
44	0.5882
45	0.2014
46	0.3409
47	0.5509
48	0.4208
49	0.3178
50	0.6731
51	0.7934
52	0.8246
53	0.8673
54	0.9643
55	0.9166
56	0.4409
57	0.6880
58	0.3267
59	0.3936
60	0.8745
61	0.9461
62	0.6836
63	0.4812
64	0.4026
65	0.5583
66	0.5449
67	0.4253
68	0.4665
69	0.9092
70	0.6068
71	0.7567
72	0.8860
73	0.9840
74	0.9830
75	0.9421
76	0.9852
77	0.9683
78	0.8198
79	0.5453
80	0.9854
81	0.7647
82	0.3409
83	0.9695
84	0.7713
85	0.8491
86	0.6084
87	0.9727
88	0.9034
89	0.5721
90	0.2685
91	0.9361
92	0.6695
93	0.4521
94	0.9695
95	0.9717
96	0.9864
97	0.8735
98	0.9866
99	0.9870
100	0.7529
101	0.9261
102	0.9096
103	0.8992
104	0.7790
105	0.3916
106	0.8030
107	0.9319
108	0.6132
109	0.2874
110	0.4802
111	0.5553
112	0.7862
113	0.2938
114	0.9844
115	0.9747
116	0.9259
117	0.7886
118	0.9176
119	0.7926
120	0.9896
121	0.9932
122	0.9810
123	0.9932
124	0.8265
125	0.9916
126	0.9890
127	0.9874
128	0.7529
129	0.9884
130	0.9878
131	0.9721
132	0.8705
133	0.9916
134	0.8114
135	0.8473
136	0.8076
137	0.9583
138	0.5168
139	0.8798
140	0.9058
141	0.9154
142	0.3106
143	0.5034
144	0.9800
145	0.9774
146	0.9471
147	0.7589
148	0.3725
149	0.7866
150	0.9918
151	0.6591
152	0.9928
153	0.7986
154	0.9920
155	0.9870
156	0.9904
157	0.9902
158	0.9429
159	0.9355
160	0.9820
161	0.9497
162	0.2840
163	0.9098
164	0.6513
165	0.9884
166	0.9525
167	0.9619
168	0.9876
169	0.9890
170	0.9898
171	0.9886
172	0.9914
173	0.9914
174	0.9918
175	0.8038
176	0.9657
177	0.9944
178	0.9647
179	0.9912
180	0.9563
181	0.9892
182	0.9449
183	0.7399
184	0.9912
185	0.3259
186	0.9417
187	0.6595
188	0.5417
189	0.5481
190	0.3633
191	0.7585
192	0.8854
193	0.7094
194	0.3263
195	0.4613
196	0.2768
197	0.6240
198	0.3303
199	0.7563
200	0.3852
201	0.6028
202	0.9922
203	0.9804
204	0.5261
205	0.5405
206	0.9760
207	0.8603
208	0.9319
209	0.8477
210	0.5489
211	0.8545
212	0.7916
213	0.9335
214	0.7870
215	0.5269
216	0.8902
217	0.8697
218	0.9082
219	0.6749
220	0.9770
221	0.8661
222	0.9914
223	0.9904
224	0.9587
225	0.9912
226	0.7788
227	0.6323
228	0.6519
229	0.4758
230	0.7725
231	0.6575
232	0.9938
233	0.4715
234	0.9465
235	0.9487
236	0.9000
237	0.9158
238	0.4780
239	0.9234
240	0.4988
241	0.5992
242	0.9938
243	0.9922
244	0.9729
245	0.8874
246	0.9928
247	0.8912
248	0.7491
249	0.9890
250	0.9513
251	0.9086
252	0.7359
253	0.6988
254	0.5874
255	0.7507
256	0.4216
257	0.9293
258	0.9114
259	0.7601
260	0.4760
261	0.9786
262	0.7415
263	0.9703
264	0.4204
265	0.6212
266	0.3433
267	0.3118
268	0.2996
269	0.4194
270	0.3832
271	0.6679
272	0.2685
273	0.3349
274	0.5150
275	0.5196
276	0.3058
277	0.9806
278	0.4848
279	0.6780
280	0.7150
281	0.5968
282	0.3253
283	0.5158
284	0.3417
285	0.5800
286	0.8962
287	0.7377
288	0.3044
289	0.7479
290	0.4503
291	0.4758
292	0.6457
293	0.2870
294	0.7453
295	0.8391
296	0.3337
297	0.3583
298	0.6259
299	0.7701
300	0.2541
301	0.6928
302	0.7375
303	0.4966
304	0.2838
305	0.7411
306	0.2665
307	0.4228
308	0.2389
309	0.4766
310	0.4812
311	0.3984
312	0.2850
313	0.8393
314	0.7329
315	0.4621
316	0.4938
317	0.9409
318	0.7012
319	0.5786
320	0.9541
321	0.5287
322	0.9792
323	0.6786
324	0.8477
325	0.9451
326	0.6659
327	0.5200
328	0.4367
329	0.5998
330	0.5098
331	0.7900
332	0.8786
333	0.8541
334	0.8206
335	0.5459
336	0.9637
337	0.9659
338	0.8828
339	0.9455
340	0.9545
341	0.9479
342	0.6667
343	0.9735
344	0.9725
345	0.2840
346	0.7064
347	0.9146
348	0.7447
349	0.8094
350	0.6088
351	0.4507
352	0.7543
353	0.9874
354	0.9577
355	0.9906
356	0.4760
357	0.9467
358	0.6353
359	0.9878
360	0.9764
361	0.9904
362	0.7224
363	0.9884
364	0.5405
365	0.7721
366	0.8527
367	0.2896
368	0.5778
369	0.8892
370	0.9782
371	0.5218
372	0.4198
373	0.6643
374	0.8034
375	0.7924
376	0.9535
377	0.9511
378	0.9248
379	0.9106
380	0.4269
381	0.5210
382	0.9447
383	0.9834
384	0.3786
385	0.7331
386	0.3557
387	0.9196
388	0.7399
389	0.9255
390	0.7297
391	0.9842
392	0.9387
393	0.6124
394	0.5681
395	0.9810
396	0.9786
397	0.6950
398	0.9655
399	0.8407
400	0.5018
401	0.6046
402	0.9631
403	0.5846
404	0.4802
405	0.3954
406	0.8046
407	0.9695
408	0.7357
409	0.9653
410	0.5768
411	0.6443
412	0.4349
413	0.2659
414	0.5092
415	0.9802
416	0.5475
417	0.6960
418	0.9369
419	0.9810
420	0.5567
421	0.3888
422	0.3511
423	0.4307
424	0.7930
425	0.3898
426	0.3511
427	0.8806
428	0.5762
429	0.4100
430	0.6303
431	0.4146
432	0.9469
433	0.6892
434	0.6259
435	0.3713
436	0.6860
437	0.8862
438	0.7884
439	0.3623
440	0.3643
441	0.3409
442	0.9609
443	0.7048
444	0.6503
445	0.3685
446	0.2393
