# Conservation scores for ACO2, accession GCF_000146045.2
# Position	Conservation_Score
1	0.4275
2	0.4263
3	0.2713
4	0.2611
5	0.3683
6	0.1405
7	0.1673
8	0.1661
9	0.6331
10	0.2473
11	0.2615
12	0.3860
13	0.1601
14	0.5463
15	0.2361
16	0.3375
17	0.1794
18	0.1180
19	0.1016
20	0.1295
21	0.3880
22	0.1459
23	0.1958
24	0.1461
25	0.0806
26	0.1651
27	0.1248
28	0.1481
29	0.3675
30	0.9140
31	0.2607
32	0.5880
33	0.8369
34	0.8016
35	0.1786
36	0.4679
37	0.1675
38	0.1826
39	0.2427
40	0.2002
41	0.1900
42	0.3936
43	0.4108
44	0.3639
45	0.8120
46	0.6982
47	0.9663
48	0.3190
49	0.7136
50	0.6637
51	0.3952
52	0.1705
53	0.5481
54	0.7914
55	0.2992
56	0.1902
57	0.8475
58	0.7397
59	0.4074
60	0.4788
61	0.8353
62	0.4846
63	0.2361
64	0.3014
65	0.5998
66	0.4956
67	0.9643
68	0.9511
69	0.9194
70	0.8902
71	0.9679
72	0.9792
73	0.9232
74	0.8752
75	0.9371
76	0.6631
77	0.9766
78	0.9429
79	0.5244
80	0.5882
81	0.6403
82	0.7784
83	0.7160
84	0.6864
85	0.6778
86	0.5034
87	0.3182
88	0.3024
89	0.5180
90	0.3040
91	0.4505
92	0.6291
93	0.2924
94	0.4499
95	0.8070
96	0.9647
97	0.9659
98	0.2806
99	0.5565
100	0.4756
101	0.9711
102	0.7862
103	0.9585
104	0.4862
105	0.9657
106	0.9006
107	0.9735
108	0.9691
109	0.8228
110	0.8523
111	0.9774
112	0.9848
113	0.9826
114	0.8613
115	0.9824
116	0.9812
117	0.9661
118	0.9770
119	0.8158
120	0.9838
121	0.9874
122	0.9892
123	0.9675
124	0.6114
125	0.6377
126	0.7471
127	0.7780
128	0.5844
129	0.4186
130	0.6910
131	0.8754
132	0.7743
133	0.9872
134	0.7287
135	0.8808
136	0.8473
137	0.9868
138	0.9858
139	0.9890
140	0.9890
141	0.6198
142	0.9737
143	0.7152
144	0.7309
145	0.4427
146	0.2613
147	0.9854
148	0.7725
149	0.5036
150	0.2355
151	0.9886
152	0.9429
153	0.4711
154	0.2924
155	0.6770
156	0.8427
157	0.2188
158	0.3719
159	0.9647
160	0.5930
161	0.9898
162	0.9110
163	0.8190
164	0.9068
165	0.9902
166	0.9850
167	0.7230
168	0.8731
169	0.7399
170	0.8279
171	0.6968
172	0.5856
173	0.9703
174	0.9174
175	0.8110
176	0.5038
177	0.9888
178	0.9898
179	0.5160
180	0.9886
181	0.9894
182	0.5301
183	0.9916
184	0.9920
185	0.9888
186	0.9922
187	0.9892
188	0.4493
189	0.9204
190	0.9633
191	0.9922
192	0.9625
193	0.8337
194	0.6938
195	0.6854
196	0.9928
197	0.9898
198	0.7124
199	0.6747
200	0.9263
201	0.8597
202	0.9856
203	0.9812
204	0.9920
205	0.9920
206	0.9924
207	0.8311
208	0.9854
209	0.9896
210	0.8834
211	0.9880
212	0.9910
213	0.9776
214	0.8242
215	0.5509
216	0.7313
217	0.8202
218	0.9224
219	0.9900
220	0.9902
221	0.9892
222	0.9910
223	0.9902
224	0.9900
225	0.9912
226	0.9910
227	0.8305
228	0.8525
229	0.7106
230	0.5335
231	0.4499
232	0.5321
233	0.9860
234	0.9872
235	0.9894
236	0.9808
237	0.9758
238	0.9132
239	0.9928
240	0.6603
241	0.5699
242	0.6880
243	0.9790
244	0.9242
245	0.4244
246	0.9870
247	0.5305
248	0.9832
249	0.4834
250	0.8858
251	0.5405
252	0.8196
253	0.9910
254	0.5337
255	0.6331
256	0.9597
257	0.9942
258	0.9944
259	0.5192
260	0.9934
261	0.7968
262	0.3665
263	0.8465
264	0.9697
265	0.9860
266	0.4170
267	0.9872
268	0.9743
269	0.9910
270	0.8401
271	0.9926
272	0.9918
273	0.9914
274	0.9802
275	0.4339
276	0.8523
277	0.5623
278	0.9948
279	0.9892
280	0.6116
281	0.9942
282	0.6433
283	0.9886
284	0.9074
285	0.4852
286	0.5743
287	0.8315
288	0.9523
289	0.7762
290	0.9858
291	0.9870
292	0.8283
293	0.8713
294	0.9858
295	0.6950
296	0.8441
297	0.9902
298	0.9906
299	0.9892
300	0.9908
301	0.9948
302	0.6339
303	0.9952
304	0.9924
305	0.9922
306	0.9888
307	0.9874
308	0.2745
309	0.9936
310	0.9900
311	0.5202
312	0.3511
313	0.3507
314	0.3990
315	0.4914
316	0.3034
317	0.3597
318	0.9896
319	0.9940
320	0.3521
321	0.7343
322	0.9918
323	0.3311
324	0.9932
325	0.3892
326	0.2693
327	0.4399
328	0.7944
329	0.2673
330	0.6108
331	0.8118
332	0.2944
333	0.1633
334	0.3479
335	0.4868
336	0.2369
337	0.2940
338	0.4068
339	0.2327
340	0.1020
341	0.4138
342	0.3820
343	0.8293
344	0.5435
345	0.8289
346	0.9958
347	0.3527
348	0.6641
349	0.9060
350	0.6014
351	0.9796
352	0.9930
353	0.3653
354	0.5248
355	0.8375
356	0.5214
357	0.9533
358	0.5198
359	0.9928
360	0.9008
361	0.4162
362	0.8766
363	0.9902
364	0.9960
365	0.8369
366	0.6701
367	0.9918
368	0.9948
369	0.9960
370	0.9317
371	0.9928
372	0.9936
373	0.9938
374	0.9363
375	0.6303
376	0.7956
377	0.9224
378	0.7261
379	0.9531
380	0.5240
381	0.8491
382	0.3926
383	0.3778
384	0.3992
385	0.6820
386	0.3707
387	0.5018
388	0.4595
389	0.2425
390	0.9669
391	0.8547
392	0.4689
393	0.3573
394	0.4729
395	0.5255
396	0.8295
397	0.8253
398	0.9888
399	0.9930
400	0.9944
401	0.9958
402	0.9956
403	0.9956
404	0.9954
405	0.9948
406	0.9928
407	0.9798
408	0.6220
409	0.9962
410	0.9766
411	0.6415
412	0.9309
413	0.4709
414	0.5261
415	0.4792
416	0.6409
417	0.5858
418	0.6379
419	0.7623
420	0.9918
421	0.3333
422	0.4788
423	0.8056
424	0.9910
425	0.8864
426	0.7697
427	0.6990
428	0.6862
429	0.4597
430	0.5004
431	0.9749
432	0.5511
433	0.5836
434	0.9691
435	0.9942
436	0.9938
437	0.9942
438	0.9607
439	0.9355
440	0.9134
441	0.9796
442	0.9431
443	0.9918
444	0.6146
445	0.6745
446	0.9479
447	0.9619
448	0.6020
449	0.4886
450	0.5671
451	0.2008
452	0.5996
453	0.7782
454	0.4307
455	0.3784
456	0.6062
457	0.9858
458	0.6962
459	0.3295
460	0.8703
461	0.9898
462	0.8188
463	0.9852
464	0.9836
465	0.9886
466	0.9862
467	0.9529
468	0.9543
469	0.9467
470	0.9543
471	0.9295
472	0.9519
473	0.5036
474	0.9543
475	0.3884
476	0.8507
477	0.4050
478	0.6611
479	0.4000
480	0.7144
481	0.7162
482	0.6391
483	0.2194
484	0.9565
485	0.6792
486	0.9559
487	0.4182
488	0.8437
489	0.9583
490	0.6126
491	0.9611
492	0.9611
493	0.9613
494	0.9611
495	0.4459
496	0.6018
497	0.9611
498	0.9527
499	0.9585
500	0.8699
501	0.9487
502	0.4022
503	0.1741
504	0.9597
505	0.8138
506	0.8102
507	0.9575
508	0.8361
509	0.7236
510	0.9385
511	0.9609
512	0.7521
513	0.5681
514	0.9411
515	0.8956
516	0.9471
517	0.7236
518	0.4948
519	0.5156
520	0.5214
521	0.9519
522	0.4561
523	0.5124
524	0.4764
525	0.9477
526	0.9425
527	0.9587
528	0.4615
529	0.8687
530	0.9535
531	0.5762
532	0.4978
533	0.3393
534	0.4858
535	0.6543
536	0.3617
537	0.9551
538	0.4196
539	0.3643
540	0.9537
541	0.5749
542	0.8705
543	0.2427
544	0.8012
545	0.9591
546	0.1725
547	0.9465
548	0.2138
549	0.4301
550	0.7964
551	0.9597
552	0.3257
553	0.2527
554	0.7916
555	0.8208
556	0.3703
557	0.1729
558	0.9226
559	0.4152
560	0.3521
561	0.1940
562	0.5489
563	0.3283
564	0.8152
565	0.2090
566	0.3725
567	0.1719
568	0.2096
569	0.7649
570	0.5263
571	0.4519
572	0.5455
573	0.5806
574	0.4858
575	0.6351
576	0.2856
577	0.5665
578	0.5812
579	0.8882
580	0.4303
581	0.9567
582	0.4353
583	0.9563
584	0.9575
585	0.5016
586	0.5928
587	0.9571
588	0.7441
589	0.9032
590	0.9569
591	0.2890
592	0.7116
593	0.5094
594	0.4890
595	0.1725
596	0.4677
597	0.5435
598	0.5780
599	0.2649
600	0.4331
601	0.6365
602	0.3112
603	0.8026
604	0.9373
605	0.2675
606	0.8263
607	0.8465
608	0.4146
609	0.9539
610	0.6513
611	0.9068
612	0.9535
613	0.9563
614	0.9553
615	0.4864
616	0.9565
617	0.9491
618	0.8671
619	0.9184
620	0.9527
621	0.7291
622	0.9527
623	0.9487
624	0.9407
625	0.9373
626	0.8267
627	0.9531
628	0.9531
629	0.9519
630	0.4796
631	0.9533
632	0.9359
633	0.8343
634	0.2571
635	0.9529
636	0.7637
637	0.9433
638	0.7433
639	0.6818
640	0.9519
641	0.4337
642	0.9246
643	0.5509
644	0.5186
645	0.6782
646	0.8287
647	0.7325
648	0.5234
649	0.9509
650	0.4385
651	0.7014
652	0.6076
653	0.7854
654	0.2986
655	0.5106
656	0.7976
657	0.2737
658	0.2850
659	0.2882
660	0.3431
661	0.8242
662	0.9389
663	0.3890
664	0.6593
665	0.6647
666	0.2036
667	0.3375
668	0.6625
669	0.8271
670	0.2808
671	0.2713
672	0.6830
673	0.2816
674	0.4489
675	0.9517
676	0.4826
677	0.8232
678	0.6822
679	0.7028
680	0.6595
681	0.4703
682	0.9545
683	0.9467
684	0.9551
685	0.9521
686	0.9545
687	0.9545
688	0.8271
689	0.9549
690	0.9541
691	0.9527
692	0.9549
693	0.9459
694	0.9006
695	0.6790
696	0.8844
697	0.9493
698	0.5589
699	0.8507
700	0.9411
701	0.6186
702	0.4826
703	0.3998
704	0.6445
705	0.4962
706	0.3623
707	0.7118
708	0.9531
709	0.9507
710	0.9521
711	0.9517
712	0.9541
713	0.9515
714	0.9222
715	0.9413
716	0.9549
717	0.9399
718	0.9377
719	0.9521
720	0.9515
721	0.9519
722	0.6513
723	0.4900
724	0.9168
725	0.9367
726	0.8166
727	0.9379
728	0.5984
729	0.5064
730	0.4523
731	0.5593
732	0.9469
733	0.9301
734	0.7399
735	0.4944
736	0.7758
737	0.2756
738	0.5357
739	0.3896
740	0.9196
741	0.2487
742	0.6481
743	0.2705
744	0.8224
745	0.4218
746	0.7729
747	0.8285
748	0.3886
749	0.4956
750	0.3277
751	0.6882
752	0.2932
753	0.2687
754	0.8663
755	0.5357
756	0.2675
757	0.6659
758	0.3236
759	0.4377
760	0.2339
761	0.6840
762	0.3008
763	0.7830
764	0.4964
765	0.7076
766	0.1794
767	0.2928
768	0.9325
769	0.6263
770	0.2707
771	0.4032
772	0.2323
773	0.7194
774	0.4511
775	0.3242
776	0.5088
777	0.9186
778	0.7383
779	0.3277
780	0.7413
781	0.5072
782	0.8146
783	0.9429
784	0.2958
785	0.3713
786	0.6493
787	0.4212
788	0.4816
789	0.8226
790	0.9503
791	0.9465
792	0.9441
793	0.7862
794	0.9210
795	0.4790
796	0.5234
797	0.4351
798	0.4238
799	0.2639
800	0.3212
801	0.1359
802	0.1112
803	0.1150
804	0.0697
805	0.0796
