# Conservation scores for ARO8, accession GCF_000146045.2
# Position	Conservation_Score
1	0.6681
2	0.2659
3	0.4064
4	0.3134
5	0.1469
6	0.2784
7	0.1407
8	0.1625
9	0.1880
10	0.1110
11	0.1026
12	0.0741
13	0.0138
14	0.0150
15	0.1948
16	0.1092
17	0.1842
18	0.3305
19	0.3774
20	0.1770
21	0.1273
22	0.4150
23	0.3162
24	0.3713
25	0.2060
26	0.2028
27	0.2447
28	0.2884
29	0.1677
30	0.2098
31	0.3489
32	0.5645
33	0.3034
34	0.4246
35	0.2421
36	0.2605
37	0.2840
38	0.2699
39	0.2092
40	0.2659
41	0.4958
42	0.3743
43	0.5717
44	0.4311
45	0.2423
46	0.2695
47	0.2774
48	0.4132
49	0.4104
50	0.3705
51	0.5513
52	0.5697
53	0.2735
54	0.3277
55	0.1649
56	0.1868
57	0.1958
58	0.2293
59	0.4778
60	0.7681
61	0.4816
62	0.5936
63	0.5916
64	0.4687
65	0.4567
66	0.8287
67	0.5519
68	0.2747
69	0.6112
70	0.7709
71	0.2030
72	0.7517
73	0.4545
74	0.4395
75	0.3808
76	0.9371
77	0.4457
78	0.4609
79	0.6739
80	0.2818
81	0.8651
82	0.8866
83	0.2363
84	0.5934
85	0.5549
86	0.3938
87	0.5313
88	0.5198
89	0.4293
90	0.2255
91	0.8681
92	0.7066
93	0.4595
94	0.8106
95	0.7621
96	0.9204
97	0.8084
98	0.8507
99	0.9786
100	0.8257
101	0.9778
102	0.5385
103	0.3908
104	0.4790
105	0.6333
106	0.9545
107	0.9772
108	0.5808
109	0.3998
110	0.3930
111	0.5002
112	0.5495
113	0.2623
114	0.4371
115	0.5890
116	0.7164
117	0.2331
118	0.3563
119	0.6269
120	0.2088
121	0.7565
122	0.5126
123	0.3591
124	0.1786
125	0.3281
126	0.4647
127	0.1361
128	0.3321
129	0.4339
130	0.7419
131	0.1399
132	0.2501
133	0.2940
134	0.4840
135	0.3220
136	0.4770
137	0.7902
138	0.2796
139	0.7635
140	0.2910
141	0.1996
142	0.2838
143	0.3363
144	0.2397
145	0.3756
146	0.1651
147	0.3743
148	0.6291
149	0.8006
150	0.3671
151	0.2816
152	0.7299
153	0.8144
154	0.5433
155	0.9884
156	0.8311
157	0.5599
158	0.3413
159	0.3491
160	0.9816
161	0.4162
162	0.4657
163	0.5511
164	0.6818
165	0.5471
166	0.5810
167	0.6240
168	0.3729
169	0.5441
170	0.7872
171	0.7936
172	0.7820
173	0.6645
174	0.3776
175	0.5080
176	0.7255
177	0.3792
178	0.7992
179	0.6711
180	0.8752
181	0.3244
182	0.8557
183	0.8649
184	0.2537
185	0.4337
186	0.3214
187	0.3513
188	0.5699
189	0.3064
190	0.9902
191	0.6345
192	0.8992
193	0.2431
194	0.6230
195	0.4335
196	0.4263
197	0.1964
198	0.4818
199	0.7136
200	0.7609
201	0.5048
202	0.6289
203	0.6232
204	0.2796
205	0.6186
206	0.8970
207	0.8868
208	0.2808
209	0.5431
210	0.8291
211	0.2926
212	0.9174
213	0.6683
214	0.5010
215	0.5571
216	0.7485
217	0.5333
218	0.4788
219	0.7102
220	0.4629
221	0.6603
222	0.6313
223	0.6148
224	0.1986
225	0.7164
226	0.4904
227	0.8659
228	0.5122
229	0.4311
230	0.2896
231	0.2818
232	0.4261
233	0.7006
234	0.3537
235	0.5110
236	0.9922
237	0.3236
238	0.4741
239	0.9946
240	0.5393
241	0.3834
242	0.8236
243	0.6062
244	0.2990
245	0.7279
246	0.6303
247	0.4118
248	0.3349
249	0.8309
250	0.4721
251	0.6499
252	0.9862
253	0.6583
254	0.3621
255	0.2371
256	0.3439
257	0.6088
258	0.7393
259	0.4579
260	0.4910
261	0.7042
262	0.9707
263	0.3375
264	0.4617
265	0.7938
266	0.9758
267	0.8527
268	0.5537
269	0.9387
270	0.6064
271	0.9313
272	0.8661
273	0.9956
274	0.9958
275	0.9130
276	0.9701
277	0.6058
278	0.7796
279	0.5427
280	0.4828
281	0.3124
282	0.5395
283	0.9898
284	0.6990
285	0.4255
286	0.5399
287	0.5776
288	0.9351
289	0.4056
290	0.6114
291	0.6868
292	0.6860
293	0.8403
294	0.7102
295	0.9150
296	0.3770
297	0.3214
298	0.9327
299	0.3798
300	0.9926
301	0.9964
302	0.7283
303	0.9701
304	0.9960
305	0.9257
306	0.8130
307	0.9717
308	0.9375
309	0.7218
310	0.4625
311	0.6950
312	0.8024
313	0.3970
314	0.5206
315	0.2980
316	0.4323
317	0.2553
318	0.1118
319	0.4329
320	0.3341
321	0.4840
322	0.4533
323	0.7104
324	0.2914
325	0.3148
326	0.4758
327	0.3639
328	0.5529
329	0.7840
330	0.5515
331	0.4212
332	0.5681
333	0.8569
334	0.3962
335	0.7872
336	0.8004
337	0.4120
338	0.8371
339	0.8557
340	0.4032
341	0.9565
342	0.4261
343	0.6946
344	0.9776
345	0.9836
346	0.9914
347	0.3216
348	0.9898
349	0.4838
350	0.7878
351	0.8784
352	0.8876
353	0.9922
354	0.9954
355	0.7331
356	0.5329
357	0.5062
358	0.9158
359	0.9864
360	0.5333
361	0.9942
362	0.3990
363	0.9788
364	0.8994
365	0.5477
366	0.6453
367	0.5016
368	0.5168
369	0.3497
370	0.5216
371	0.4884
372	0.3439
373	0.6940
374	0.6918
375	0.3723
376	0.1972
377	0.5858
378	0.4727
379	0.3020
380	0.7569
381	0.4713
382	0.4870
383	0.2968
384	0.8838
385	0.2297
386	0.9216
387	0.7285
388	0.9651
389	0.4255
390	0.6643
391	0.9279
392	0.2433
393	0.3321
394	0.5263
395	0.3040
396	0.6038
397	0.7908
398	0.9026
399	0.4627
400	0.5455
401	0.3329
402	0.9699
403	0.9255
404	0.6545
405	0.2830
406	0.9469
407	0.7515
408	0.7122
409	0.4856
410	0.8411
411	0.8721
412	0.3898
413	0.2998
414	0.6146
415	0.7840
416	0.3255
417	0.5363
418	0.9900
419	0.7377
420	0.2146
421	0.7172
422	0.9303
423	0.7240
424	0.2271
425	0.2673
426	0.4144
427	0.3180
428	0.7519
429	0.5996
430	0.5455
431	0.5313
432	0.4162
433	0.7495
434	0.7850
435	0.3377
436	0.4283
437	0.3086
438	0.3453
439	0.4832
440	0.6527
441	0.2525
442	0.6589
443	0.9788
444	0.3140
445	0.8731
446	0.9846
447	0.9739
448	0.9790
449	0.3583
450	0.8238
451	0.3108
452	0.3036
453	0.4531
454	0.6529
455	0.2413
456	0.2008
457	0.4834
458	0.8220
459	0.8617
460	0.1543
461	0.2150
462	0.2162
463	0.2407
464	0.2611
465	0.4297
466	0.4303
467	0.1972
468	0.2052
469	0.2812
470	0.4816
471	0.7990
472	0.4719
473	0.3631
474	0.5413
475	0.6415
476	0.1713
477	0.2561
478	0.3008
479	0.4188
480	0.3697
481	0.2218
482	0.7764
483	0.7421
484	0.9034
485	0.4265
486	0.2329
487	0.4251
488	0.9551
489	0.7251
490	0.7263
491	0.9643
492	0.2483
493	0.5365
494	0.3677
495	0.3295
496	0.1675
497	0.3371
498	0.2617
499	0.1453
500	0.2018
501	0.3529
502	0.7273
503	0.7814
504	0.9792
505	0.5216
506	0.7577
507	0.5844
508	0.7601
509	0.6188
510	0.6415
511	0.4066
512	0.1962
513	0.5415
514	0.3503
515	0.3633
516	0.2052
517	0.6182
518	0.6649
519	0.6000
520	0.2575
521	0.8475
522	0.5423
523	0.6467
524	0.2150
525	0.5529
526	0.4491
527	0.5778
528	0.3756
529	0.4122
530	0.8240
531	0.4687
532	0.4760
