# Conservation scores for LYS1, accession GCF_000146045.2
# Position	Conservation_Score
1	0.7709
2	0.4643
3	0.1583
4	0.3327
5	0.3539
6	0.6373
7	0.3705
8	0.8681
9	0.9715
10	0.6425
11	0.9657
12	0.5964
13	0.9665
14	0.7579
15	0.5311
16	0.9804
17	0.5345
18	0.9820
19	0.6447
20	0.8319
21	0.8693
22	0.8385
23	0.9864
24	0.6425
25	0.8188
26	0.3864
27	0.8481
28	0.3948
29	0.9860
30	0.4156
31	0.6737
32	0.7072
33	0.9553
34	0.5703
35	0.2367
36	0.5687
37	0.2890
38	0.9224
39	0.9810
40	0.6792
41	0.7874
42	0.4790
43	0.5026
44	0.7601
45	0.8277
46	0.9525
47	0.4838
48	0.7739
49	0.3026
50	0.9126
51	0.5060
52	0.6000
53	0.3010
54	0.4251
55	0.9826
56	0.7200
57	0.2958
58	0.6974
59	0.8665
60	0.5100
61	0.4675
62	0.7110
63	0.7527
64	0.9148
65	0.1459
66	0.3453
67	0.2780
68	0.9240
69	0.9090
70	0.3830
71	0.7102
72	0.2507
73	0.5315
74	0.9196
75	0.4236
76	0.9872
77	0.9820
78	0.9886
79	0.9872
80	0.8000
81	0.8417
82	0.8275
83	0.4844
84	0.4453
85	0.6798
86	0.9142
87	0.9715
88	0.2473
89	0.9014
90	0.4134
91	0.8689
92	0.6351
93	0.4888
94	0.9872
95	0.9148
96	0.9864
97	0.9395
98	0.8172
99	0.9858
100	0.3443
101	0.9906
102	0.5098
103	0.9699
104	0.9603
105	0.4188
106	0.3098
107	0.8156
108	0.9870
109	0.3802
110	0.9854
111	0.7244
112	0.4830
113	0.5727
114	0.9561
115	0.5281
116	0.9078
117	0.7238
118	0.9471
119	0.5924
120	0.9918
121	0.9565
122	0.9924
123	0.9816
124	0.9876
125	0.2776
126	0.7890
127	0.3870
128	0.2194
129	0.9375
130	0.9756
131	0.9912
132	0.9557
133	0.9158
134	0.9850
135	0.9886
136	0.9924
137	0.4735
138	0.5365
139	0.9938
140	0.9942
141	0.7633
142	0.8086
143	0.9940
144	0.7411
145	0.9860
146	0.7084
147	0.5002
148	0.3126
149	0.3635
150	0.2547
151	0.7950
152	0.8339
153	0.4547
154	0.7715
155	0.5397
156	0.4920
157	0.5936
158	0.5024
159	0.1976
160	0.5188
161	0.5808
162	0.4343
163	0.7575
164	0.7469
165	0.4383
166	0.5178
167	0.2381
168	0.5862
169	0.8599
170	0.4505
171	0.9026
172	0.7605
173	0.4064
174	0.4002
175	0.8327
176	0.5050
177	0.2056
178	0.3435
179	0.6381
180	0.6629
181	0.3597
182	0.2996
183	0.5597
184	0.3240
185	0.2431
186	0.4888
187	0.2269
188	0.4509
189	0.2088
190	0.2834
191	0.7693
192	0.4996
193	0.3313
194	0.8583
195	0.3401
196	0.5176
197	0.7317
198	0.8016
199	0.7120
200	0.9956
201	0.9856
202	0.9760
203	0.9956
204	0.9888
205	0.9878
206	0.9888
207	0.4337
208	0.9950
209	0.9866
210	0.7170
211	0.7259
212	0.7066
213	0.2717
214	0.2617
215	0.6715
216	0.4002
217	0.9848
218	0.4972
219	0.7172
220	0.5242
221	0.4058
222	0.4962
223	0.8972
224	0.3571
225	0.6323
226	0.9864
227	0.9888
228	0.4711
229	0.4551
230	0.9888
231	0.9900
232	0.3884
233	0.5641
234	0.7549
235	0.9830
236	0.9808
237	0.7529
238	0.2281
239	0.9511
240	0.9601
241	0.3194
242	0.1042
243	0.3661
244	0.4218
245	0.9611
246	0.8780
247	0.9631
248	0.5930
249	0.9910
250	0.9072
251	0.9539
252	0.9882
253	0.9840
254	0.7261
255	0.3236
256	0.4711
257	0.9415
258	0.8407
259	0.7523
260	0.9842
261	0.4856
262	0.4876
263	0.1375
264	0.6798
265	0.3864
266	0.7918
267	0.2353
268	0.2786
269	0.5697
270	0.3363
271	0.9830
272	0.3936
273	0.9802
274	0.6549
275	0.7790
276	0.5918
277	0.5238
278	0.9882
279	0.9675
280	0.9810
281	0.5585
282	0.9874
283	0.9222
284	0.9012
285	0.9224
286	0.9521
287	0.5154
288	0.9627
289	0.9826
290	0.8146
291	0.9812
292	0.6337
293	0.9768
294	0.3204
295	0.5842
296	0.4826
297	0.9028
298	0.7932
299	0.9884
300	0.5713
301	0.5699
302	0.9499
303	0.9152
304	0.8467
305	0.4924
306	0.8850
307	0.1521
308	0.2715
309	0.1679
310	0.1984
311	0.2170
312	0.0924
313	0.1098
314	0.4293
315	0.6932
316	0.5788
317	0.9064
318	0.7188
319	0.9162
320	0.8222
321	0.9251
322	0.9848
323	0.9852
324	0.9832
325	0.9830
326	0.9802
327	0.7080
328	0.8098
329	0.9383
330	0.9497
331	0.9427
332	0.9844
333	0.5725
334	0.9846
335	0.8435
336	0.3834
337	0.9447
338	0.8882
339	0.1788
340	0.5293
341	0.9808
342	0.8792
343	0.9012
344	0.7952
345	0.8990
346	0.7168
347	0.3180
348	0.8856
349	0.4357
350	0.4784
351	0.7936
352	0.3531
353	0.4267
354	0.4862
355	0.4267
356	0.9611
357	0.9772
358	0.2124
359	0.3100
360	0.9737
361	0.7106
362	0.5816
363	0.9367
364	0.8605
365	0.2158
366	0.5381
367	0.7475
368	0.0373
369	0.0343
370	0.0246
371	0.0242
372	0.0210
373	0.0186
374	0.0132
375	0.0114
376	0.0158
377	0.0132
378	0.0028
379	0.0028
380	0.0028
381	0.0026
382	0.0024
383	0.0026
384	0.0026
385	0.0028
386	0.0030
387	0.0024
388	0.0024
389	0.0026
390	0.0014
391	0.0024
392	0.0036
393	0.0032
394	0.0040
395	0.0034
396	0.0046
397	0.0038
398	0.0034
399	0.0036
400	0.0036
401	0.0038
402	0.0024
403	0.0012
404	0.0022
405	0.0036
406	0.0078
407	0.0098
408	0.0130
409	0.0134
410	0.0106
411	0.0106
412	0.0138
413	0.0134
414	0.0142
415	0.0144
416	0.0144
417	0.0144
418	0.0144
419	0.0144
420	0.0144
421	0.0144
422	0.0144
423	0.0144
424	0.0144
425	0.0102
426	0.0138
427	0.0144
428	0.0144
429	0.0144
430	0.0144
431	0.0144
432	0.0144
433	0.0144
434	0.0144
435	0.0138
436	0.0144
437	0.0144
438	0.0144
439	0.0144
440	0.0142
441	0.0126
442	0.0110
443	0.0060
444	0.0098
445	0.0096
446	0.0048
447	0.0136
448	0.0144
449	0.0142
450	0.0096
451	0.0138
452	0.0144
453	0.0144
454	0.0144
455	0.0124
456	0.0144
457	0.0142
458	0.0144
459	0.0144
460	0.0144
461	0.0144
462	0.0144
463	0.0144
464	0.0144
465	0.0144
466	0.0144
467	0.0144
468	0.0144
469	0.0144
470	0.0144
471	0.0144
472	0.0144
473	0.0144
474	0.0144
475	0.0118
476	0.0144
477	0.0144
478	0.0102
479	0.0144
480	0.0144
481	0.0144
482	0.0144
483	0.0144
484	0.0136
485	0.0144
486	0.0134
487	0.0144
488	0.0132
489	0.0144
490	0.0142
491	0.0144
492	0.0112
493	0.0110
494	0.0094
495	0.0144
496	0.0118
497	0.0034
498	0.0138
499	0.0144
500	0.0058
501	0.0086
502	0.0074
503	0.0152
504	0.0040
505	0.0072
506	0.0112
507	0.0060
508	0.0038
509	0.0088
510	0.0124
511	0.0096
512	0.0082
513	0.0094
514	0.0212
515	0.0146
516	0.0152
517	0.0144
518	0.0140
519	0.0140
520	0.0124
521	0.0130
522	0.0144
523	0.0136
524	0.0146
525	0.0146
526	0.0144
527	0.0124
528	0.0142
529	0.0144
530	0.0144
531	0.0144
532	0.0144
533	0.0144
534	0.0144
535	0.0144
536	0.0144
537	0.0144
538	0.0144
539	0.0142
540	0.0144
541	0.0140
542	0.0144
543	0.0122
544	0.0142
545	0.0140
546	0.0092
547	0.0144
548	0.0138
549	0.0130
550	0.0088
551	0.0142
552	0.0142
553	0.0106
554	0.0142
555	0.0126
556	0.0142
557	0.0138
558	0.0142
559	0.0132
560	0.0142
561	0.0144
562	0.0100
563	0.0144
564	0.0144
565	0.0144
566	0.0144
567	0.0140
568	0.0144
569	0.0144
570	0.0144
571	0.0144
572	0.0144
573	0.0150
574	0.0148
575	0.0144
576	0.0144
577	0.0144
578	0.0106
579	0.0144
580	0.0144
581	0.0142
582	0.0144
583	0.0144
584	0.0144
585	0.0136
586	0.0132
587	0.0136
588	0.0142
589	0.0092
590	0.0140
591	0.0096
592	0.0072
593	0.0062
594	0.0036
595	0.0052
596	0.0080
597	0.0028
598	0.0050
599	0.0040
600	0.0068
601	0.0050
602	0.0064
603	0.0036
604	0.0048
605	0.0038
606	0.0040
607	0.0034
608	0.0046
609	0.0044
610	0.0046
611	0.0058
612	0.0054
613	0.0082
614	0.0088
615	0.0132
616	0.0048
617	0.0126
618	0.0084
619	0.0138
620	0.0144
621	0.0136
622	0.0102
623	0.0138
624	0.0142
625	0.0140
626	0.0102
627	0.0112
628	0.0120
629	0.0144
630	0.0140
631	0.0144
632	0.0142
633	0.0136
634	0.0138
635	0.0140
636	0.0104
637	0.0142
638	0.0144
639	0.0130
640	0.0136
641	0.0140
642	0.0122
643	0.0096
644	0.0140
645	0.0108
646	0.0114
647	0.0144
648	0.0144
649	0.0140
650	0.0144
651	0.0144
652	0.0124
653	0.0108
654	0.0142
655	0.0144
656	0.0144
657	0.0144
658	0.0138
659	0.0144
660	0.0108
661	0.0124
662	0.0144
663	0.0108
664	0.0144
665	0.0084
666	0.0144
667	0.0136
668	0.0144
669	0.0136
670	0.0136
671	0.0144
672	0.0132
673	0.0142
674	0.0142
675	0.0142
676	0.0142
677	0.0142
678	0.0142
679	0.0142
680	0.0142
681	0.0142
682	0.0142
683	0.0134
684	0.0140
685	0.0144
686	0.0142
687	0.0142
688	0.0144
689	0.0120
690	0.0132
691	0.0144
692	0.0144
693	0.0144
694	0.0142
695	0.0142
696	0.0142
697	0.0142
698	0.0142
699	0.0142
700	0.0114
701	0.0142
702	0.0096
703	0.0142
704	0.0144
705	0.0084
706	0.0144
707	0.0144
708	0.0080
709	0.0146
710	0.0136
711	0.0146
712	0.0120
713	0.0142
714	0.0144
715	0.0102
716	0.0110
717	0.0068
718	0.0144
719	0.0044
720	0.0066
721	0.0078
722	0.0126
723	0.0028
724	0.0076
725	0.0076
726	0.0124
727	0.0080
728	0.0034
729	0.0048
730	0.0074
731	0.0070
732	0.0048
733	0.0046
734	0.0132
735	0.0096
736	0.0068
737	0.0136
738	0.0140
739	0.0058
740	0.0064
741	0.0140
742	0.0132
743	0.0074
744	0.0138
745	0.0110
746	0.0056
747	0.0116
748	0.0116
749	0.0142
750	0.0140
751	0.0090
752	0.0062
753	0.0128
754	0.0100
755	0.6208
756	0.6263
757	0.4018
758	0.6064
759	0.5439
760	0.0735
761	0.0074
762	0.0116
763	0.0092
764	0.0136
765	0.0158
766	0.0142
767	0.0140
768	0.0096
769	0.0144
770	0.0144
771	0.0144
772	0.0142
773	0.0144
774	0.0144
775	0.0144
776	0.0118
777	0.0084
778	0.0144
779	0.0144
780	0.0144
781	0.0132
782	0.0174
783	0.0160
784	0.0132
785	0.0144
786	0.0164
787	0.0144
788	0.0144
789	0.0144
790	0.0140
791	0.0140
792	0.0144
793	0.0070
794	0.0138
795	0.0136
796	0.0142
797	0.0106
798	0.0142
799	0.0142
800	0.0142
801	0.0142
802	0.0144
803	0.0144
804	0.0104
805	0.0144
806	0.0144
807	0.0144
808	0.0142
809	0.0144
810	0.0140
811	0.0144
812	0.0144
813	0.0142
814	0.0160
815	0.0194
816	0.0082
817	0.0100
818	0.0118
819	0.0142
820	0.0094
821	0.0102
822	0.0142
823	0.0142
824	0.0138
825	0.0142
826	0.0142
827	0.0128
828	0.0142
829	0.0236
830	0.0513
831	0.0144
832	0.0144
833	0.0100
834	0.0144
835	0.0144
836	0.0144
837	0.0144
838	0.0144
839	0.0146
840	0.0146
841	0.0146
842	0.0144
843	0.0140
844	0.0120
845	0.0140
846	0.0144
847	0.0114
848	0.0144
849	0.0140
850	0.0140
851	0.0144
852	0.0140
853	0.0124
854	0.0090
855	0.0142
856	0.0130
857	0.0142
858	0.0136
859	0.0138
860	0.0134
861	0.0142
862	0.0144
863	0.0092
864	0.0104
865	0.0144
866	0.0128
867	0.0140
868	0.0140
869	0.0144
870	0.0050
871	0.0072
872	0.0110
873	0.0144
874	0.0144
875	0.0096
876	0.0094
877	0.0052
878	0.0098
879	0.0130
880	0.0058
881	0.0066
882	0.0052
883	0.0090
884	0.0038
885	0.0104
886	0.0112
887	0.0066
888	0.0361
889	0.0281
890	0.0100
891	0.0126
892	0.0142
893	0.0118
894	0.0080
895	0.0058
896	0.0080
897	0.0082
898	0.0086
899	0.0040
900	0.0030
901	0.0281
902	0.0251
903	0.1507
904	0.0601
905	0.0253
906	0.0080
907	0.0102
908	0.0042
909	0.0098
910	0.0132
911	0.0048
912	0.0112
913	0.0154
914	0.0184
915	0.0120
916	0.0106
917	0.0136
918	0.0066
919	0.0142
920	0.0092
921	0.0142
922	0.0136
923	0.0178
924	0.2641
925	0.0651
926	0.0848
927	0.0930
928	0.0088
929	0.0110
930	0.0064
931	0.0052
932	0.0104
933	0.0134
934	0.0128
935	0.0118
936	0.0126
937	0.0136
938	0.0144
939	0.0078
940	0.0134
941	0.0096
942	0.0128
943	0.0036
944	0.0112
945	0.0078
946	0.0070
947	0.0074
948	0.0074
949	0.0076
950	0.0082
951	0.0102
952	0.0164
953	0.0094
954	0.0132
955	0.0094
956	0.0080
957	0.0050
958	0.0144
959	0.0140
960	0.0054
961	0.0132
962	0.0078
963	0.0054
964	0.0098
965	0.0108
966	0.0100
967	0.0038
968	0.0090
969	0.0084
970	0.0060
971	0.0122
972	0.0076
973	0.0044
974	0.0134
975	0.0060
976	0.0122
977	0.0086
978	0.0066
979	0.0154
980	0.1178
981	0.1006
982	0.4150
983	0.0796
984	0.0253
985	0.0150
986	0.0138
987	0.0140
988	0.0050
989	0.0098
990	0.0136
991	0.0144
992	0.0144
993	0.0142
994	0.0144
995	0.0114
996	0.0144
997	0.0144
998	0.0142
999	0.0144
1000	0.0098
1001	0.0144
1002	0.0144
1003	0.0144
1004	0.0144
1005	0.0144
1006	0.0140
1007	0.0146
1008	0.0144
1009	0.0146
1010	0.0226
1011	0.0150
1012	0.1190
1013	0.1467
1014	0.1349
1015	0.1483
1016	0.0146
1017	0.0168
1018	0.0144
1019	0.0148
1020	0.0144
1021	0.0144
1022	0.0088
1023	0.0148
1024	0.0126
1025	0.0164
1026	0.0086
1027	0.0142
1028	0.0263
1029	0.0132
