# Conservation scores for LYS20, accession GCF_000146045.2
# Position	Conservation_Score
1	0.7828
2	0.5621
3	0.4253
4	0.1597
5	0.1988
6	0.3012
7	0.0976
8	0.1938
9	0.2439
10	0.5248
11	0.5770
12	0.1950
13	0.2743
14	0.5741
15	0.5315
16	0.2651
17	0.0405
18	0.0355
19	0.4804
20	0.5168
21	0.1691
22	0.2954
23	0.3146
24	0.1224
25	0.3577
26	0.2784
27	0.4573
28	0.3060
29	0.3517
30	0.2331
31	0.2329
32	0.2100
33	0.3341
34	0.2607
35	0.2737
36	0.3433
37	0.3962
38	0.3289
39	0.3196
40	0.1884
41	0.2102
42	0.2449
43	0.2806
44	0.6735
45	0.8858
46	0.9010
47	0.1872
48	0.1870
49	0.1613
50	0.3575
51	0.4739
52	0.5329
53	0.3613
54	0.9104
55	0.6958
56	0.9068
57	0.9393
58	0.9190
59	0.7705
60	0.5760
61	0.4501
62	0.8657
63	0.6178
64	0.8004
65	0.9595
66	0.8583
67	0.9543
68	0.9603
69	0.9645
70	0.9673
71	0.9563
72	0.9683
73	0.9635
74	0.9671
75	0.9599
76	0.9403
77	0.9485
78	0.9423
79	0.7747
80	0.9531
81	0.7996
82	0.8355
83	0.7399
84	0.4749
85	0.9669
86	0.9140
87	0.4914
88	0.9615
89	0.9627
90	0.7383
91	0.8988
92	0.9657
93	0.8902
94	0.5585
95	0.9447
96	0.9733
97	0.9381
98	0.7523
99	0.9108
100	0.9078
101	0.9725
102	0.9224
103	0.9607
104	0.9395
105	0.9655
106	0.5242
107	0.9299
108	0.9657
109	0.8232
110	0.9110
111	0.9669
112	0.8695
113	0.3852
114	0.9445
115	0.9577
116	0.8136
117	0.8659
118	0.9469
119	0.8655
120	0.8068
121	0.9593
122	0.9679
123	0.9691
124	0.9323
125	0.8423
126	0.9353
127	0.9062
128	0.9491
129	0.9577
130	0.9587
131	0.5850
132	0.9681
133	0.9617
134	0.7874
135	0.9110
136	0.8090
137	0.9743
138	0.9335
139	0.6050
140	0.3876
141	0.9733
142	0.8908
143	0.8325
144	0.9094
145	0.9719
146	0.9701
147	0.9611
148	0.9735
149	0.7796
150	0.9675
151	0.8976
152	0.9699
153	0.9541
154	0.9731
155	0.9780
156	0.9806
157	0.6992
158	0.4980
159	0.9780
160	0.9008
161	0.7804
162	0.5621
163	0.9721
164	0.9535
165	0.9711
166	0.9729
167	0.9200
168	0.9605
169	0.5168
170	0.8619
171	0.9812
172	0.3784
173	0.4611
174	0.5679
175	0.9824
176	0.6643
177	0.9798
178	0.9834
179	0.9657
180	0.6627
181	0.7160
182	0.8541
183	0.9818
184	0.9501
185	0.7792
186	0.9421
187	0.5890
188	0.9778
189	0.6182
190	0.9792
191	0.9868
192	0.9872
193	0.9104
194	0.9874
195	0.9866
196	0.9806
197	0.9818
198	0.9870
199	0.9852
200	0.8898
201	0.9100
202	0.9731
203	0.9587
204	0.9521
205	0.9798
206	0.6639
207	0.6838
208	0.9806
209	0.3792
210	0.6351
211	0.9701
212	0.9519
213	0.8343
214	0.4353
215	0.9844
216	0.9715
217	0.7980
218	0.9774
219	0.9737
220	0.9760
221	0.8497
222	0.9770
223	0.9856
224	0.9866
225	0.9780
226	0.9806
227	0.8990
228	0.9711
229	0.4729
230	0.9647
231	0.9411
232	0.9259
233	0.9745
234	0.9327
235	0.5168
236	0.9802
237	0.8263
238	0.9000
239	0.7834
240	0.9818
241	0.8220
242	0.7453
243	0.9248
244	0.9445
245	0.6673
246	0.9226
247	0.9583
248	0.9665
249	0.9719
250	0.4880
251	0.9846
252	0.8475
253	0.9826
254	0.8816
255	0.9786
256	0.8774
257	0.9687
258	0.8906
259	0.9475
260	0.8705
261	0.9645
262	0.9840
263	0.9523
264	0.7683
265	0.5074
266	0.9760
267	0.9749
268	0.9491
269	0.7780
270	0.9854
271	0.9790
272	0.8134
273	0.8092
274	0.7561
275	0.9774
276	0.8122
277	0.9531
278	0.9511
279	0.8774
280	0.9844
281	0.9743
282	0.9842
283	0.9810
284	0.9812
285	0.8878
286	0.9840
287	0.9735
288	0.9138
289	0.8796
290	0.9583
291	0.9715
292	0.8816
293	0.8904
294	0.6802
295	0.9663
296	0.8814
297	0.8904
298	0.4854
299	0.6403
300	0.7401
301	0.6134
302	0.4735
303	0.5116
304	0.9603
305	0.8958
306	0.6014
307	0.6958
308	0.9267
309	0.9756
310	0.5774
311	0.9028
312	0.3699
313	0.7172
314	0.7814
315	0.5611
316	0.4565
317	0.6363
318	0.9739
319	0.4772
320	0.8182
321	0.9615
322	0.9703
323	0.4966
324	0.7772
325	0.9806
326	0.6900
327	0.7120
328	0.8190
329	0.6491
330	0.9792
331	0.9711
332	0.8868
333	0.9693
334	0.4852
335	0.9138
336	0.9689
337	0.9774
338	0.7717
339	0.9152
340	0.9685
341	0.9727
342	0.9581
343	0.9749
344	0.9661
345	0.9671
346	0.9762
347	0.9715
348	0.9752
349	0.9597
350	0.9693
351	0.9747
352	0.9683
353	0.9800
354	0.6373
355	0.9224
356	0.9699
357	0.9299
358	0.9754
359	0.9758
360	0.9754
361	0.9709
362	0.5060
363	0.5016
364	0.9762
365	0.4429
366	0.9251
367	0.9613
368	0.9705
369	0.6727
370	0.5220
371	0.9627
372	0.9563
373	0.7641
374	0.6984
375	0.6954
376	0.6739
377	0.5828
378	0.9651
379	0.8918
380	0.9611
381	0.9741
382	0.9681
383	0.9655
384	0.9641
385	0.6760
386	0.9657
387	0.7367
388	0.9705
389	0.5224
390	0.4222
391	0.9601
392	0.9677
393	0.4090
394	0.7246
395	0.2627
396	0.5383
397	0.7920
398	0.9477
399	0.4170
400	0.8062
401	0.2996
402	0.9529
403	0.5824
404	0.4343
405	0.9597
406	0.6926
407	0.9008
408	0.9265
409	0.9647
410	0.4623
411	0.7547
412	0.7978
413	0.9645
414	0.5118
415	0.8896
416	0.5653
417	0.4132
418	0.5295
419	0.4519
420	0.8555
421	0.9230
422	0.4028
423	0.9629
424	0.7625
425	0.7475
426	0.7283
427	0.7361
428	0.2547
429	0.5172
430	0.7912
431	0.2453
432	0.3996
433	0.4910
434	0.2603
435	0.3120
436	0.4497
437	0.3186
438	0.2056
439	0.2677
440	0.4006
441	0.4126
442	0.3994
443	0.2361
444	0.5126
445	0.4066
446	0.2475
447	0.3174
448	0.4317
449	0.2435
450	0.2567
451	0.1431
452	0.3188
453	0.3168
454	0.2020
455	0.3605
456	0.4597
457	0.2623
458	0.4431
459	0.4621
460	0.2052
461	0.2559
462	0.2018
463	0.2641
464	0.1100
465	0.1297
