# Conservation scores for LYS2, accession GCF_000146045.2
# Position	Conservation_Score
1	0.5096
2	0.1214
3	0.1503
4	0.1186
5	0.1102
6	0.1854
7	0.1503
8	0.2299
9	0.1852
10	0.1739
11	0.3277
12	0.4084
13	0.2182
14	0.3315
15	0.4956
16	0.1946
17	0.1950
18	0.4012
19	0.5808
20	0.2082
21	0.4238
22	0.3641
23	0.4401
24	0.1802
25	0.3255
26	0.1926
27	0.5589
28	0.3932
29	0.2341
30	0.5960
31	0.4551
32	0.4204
33	0.3647
34	0.3938
35	0.1435
36	0.1124
37	0.0715
38	0.1156
39	0.0958
40	0.0946
41	0.1874
42	0.2864
43	0.1305
44	0.2699
45	0.4629
46	0.4884
47	0.1770
48	0.2323
49	0.3770
50	0.2683
51	0.1589
52	0.4527
53	0.3196
54	0.1381
55	0.1150
56	0.2076
57	0.1126
58	0.1651
59	0.1377
60	0.3228
61	0.1391
62	0.2860
63	0.3756
64	0.2357
65	0.1551
66	0.0745
67	0.1848
68	0.3387
69	0.1603
70	0.4321
71	0.1625
72	0.2327
73	0.2431
74	0.5737
75	0.2934
76	0.4042
77	0.4238
78	0.2050
79	0.3357
80	0.5804
81	0.2407
82	0.1623
83	0.5890
84	0.2673
85	0.5792
86	0.5355
87	0.5357
88	0.3150
89	0.5325
90	0.4439
91	0.2852
92	0.2393
93	0.3142
94	0.3164
95	0.3617
96	0.3603
97	0.1635
98	0.1222
99	0.1954
100	0.2285
101	0.2347
102	0.4026
103	0.2471
104	0.3599
105	0.4948
106	0.5531
107	0.2000
108	0.1469
109	0.3739
110	0.2255
111	0.3347
112	0.2248
113	0.1928
114	0.2477
115	0.5721
116	0.1010
117	0.2108
118	0.3615
119	0.2493
120	0.1810
121	0.2178
122	0.3922
123	0.1932
124	0.1579
125	0.1719
126	0.1621
127	0.2244
128	0.3150
129	0.2437
130	0.1974
131	0.2563
132	0.3120
133	0.2593
134	0.3942
135	0.4377
136	0.2599
137	0.1772
138	0.1758
139	0.4527
140	0.1874
141	0.1824
142	0.1727
143	0.3483
144	0.3080
145	0.1641
146	0.2433
147	0.1224
148	0.2110
149	0.1810
150	0.3459
151	0.2551
152	0.1553
153	0.5635
154	0.1168
155	0.5180
156	0.5519
157	0.5244
158	0.2345
159	0.2890
160	0.3429
161	0.2178
162	0.2836
163	0.2248
164	0.1912
165	0.2359
166	0.1273
167	0.2515
168	0.3200
169	0.1563
170	0.1762
171	0.2549
172	0.2309
173	0.1798
174	0.3798
175	0.2665
176	0.1531
177	0.1719
178	0.3046
179	0.5986
180	0.4108
181	0.2240
182	0.2585
183	0.2671
184	0.3000
185	0.1715
186	0.0934
187	0.1625
188	0.1577
189	0.0691
190	0.1609
191	0.0629
192	0.1004
193	0.1052
194	0.0946
195	0.1984
196	0.1389
197	0.1511
198	0.2226
199	0.4649
200	0.1760
201	0.1812
202	0.2012
203	0.5788
204	0.5978
205	0.2802
206	0.3062
207	0.5599
208	0.4501
209	0.4281
210	0.2649
211	0.2251
212	0.5980
213	0.4579
214	0.1784
215	0.2146
216	0.2904
217	0.2830
218	0.2162
219	0.5631
220	0.4158
221	0.1770
222	0.3094
223	0.1942
224	0.3002
225	0.1236
226	0.2958
227	0.5729
228	0.2263
229	0.2044
230	0.2882
231	0.4946
232	0.1453
233	0.1581
234	0.2146
235	0.3836
236	0.4267
237	0.1832
238	0.3774
239	0.2024
240	0.3711
241	0.1593
242	0.5261
243	0.1617
244	0.2090
245	0.4062
246	0.2311
247	0.1966
248	0.1854
249	0.7379
250	0.9585
251	0.8497
252	0.9503
253	0.7515
254	0.3315
255	0.7621
256	0.9571
257	0.3281
258	0.9537
259	0.5802
260	0.2816
261	0.5455
262	0.4343
263	0.9567
264	0.6375
265	0.9509
266	0.5834
267	0.6158
268	0.8062
269	0.9545
270	0.4022
271	0.2431
272	0.9120
273	0.9429
274	0.3683
275	0.4293
276	0.6323
277	0.9559
278	0.5108
279	0.6900
280	0.3004
281	0.9134
282	0.8669
283	0.7046
284	0.8395
285	0.7283
286	0.2780
287	0.5022
288	0.3419
289	0.1910
290	0.3760
291	0.5992
292	0.2697
293	0.8246
294	0.2315
295	0.8297
296	0.8188
297	0.9439
298	0.3760
299	0.6323
300	0.8956
301	0.4206
302	0.6319
303	0.7972
304	0.8172
305	0.8531
306	0.5190
307	0.6737
308	0.7010
309	0.7747
310	0.5573
311	0.8776
312	0.4074
313	0.2315
314	0.2397
315	0.9431
316	0.5637
317	0.3970
318	0.6860
319	0.7523
320	0.6347
321	0.9102
322	0.9479
323	0.8287
324	0.4950
325	0.7371
326	0.7862
327	0.4102
328	0.9593
329	0.6731
330	0.9391
331	0.8160
332	0.9269
333	0.7890
334	0.8036
335	0.7603
336	0.5944
337	0.8814
338	0.8164
339	0.4756
340	0.9689
341	0.6918
342	0.8768
343	0.9615
344	0.9050
345	0.8986
346	0.7585
347	0.8491
348	0.9549
349	0.6383
350	0.9707
351	0.9705
352	0.7178
353	0.9659
354	0.9739
355	0.8611
356	0.3142
357	0.9691
358	0.9661
359	0.2152
360	0.8062
361	0.9295
362	0.9593
363	0.2920
364	0.9573
365	0.7317
366	0.3291
367	0.9691
368	0.7545
369	0.6066
370	0.9305
371	0.4946
372	0.4687
373	0.7126
374	0.2114
375	0.5299
376	0.9569
377	0.4154
378	0.1487
379	0.3950
380	0.3936
381	0.9541
382	0.2653
383	0.7645
384	0.2998
385	0.3224
386	0.3411
387	0.9677
388	0.5988
389	0.3114
390	0.5689
391	0.8122
392	0.2940
393	0.4068
394	0.4509
395	0.9323
396	0.2741
397	0.5946
398	0.4267
399	0.4816
400	0.5838
401	0.5128
402	0.8611
403	0.5355
404	0.8092
405	0.3064
406	0.5998
407	0.2838
408	0.6000
409	0.7084
410	0.9389
411	0.3711
412	0.6571
413	0.2427
414	0.9222
415	0.8872
416	0.2295
417	0.2872
418	0.3096
419	0.6451
420	0.2024
421	0.8976
422	0.5774
423	0.6743
424	0.4577
425	0.2072
426	0.3379
427	0.2441
428	0.2248
429	0.4754
430	0.4802
431	0.3397
432	0.2976
433	0.3140
434	0.4998
435	0.5894
436	0.8874
437	0.4898
438	0.7473
439	0.9717
440	0.9481
441	0.9683
442	0.9487
443	0.3056
444	0.6812
445	0.9321
446	0.9643
447	0.9623
448	0.9551
449	0.9784
450	0.9727
451	0.9806
452	0.9204
453	0.6848
454	0.9447
455	0.3958
456	0.9790
457	0.9788
458	0.9571
459	0.9685
460	0.3381
461	0.9605
462	0.9623
463	0.9703
464	0.6613
465	0.9517
466	0.9689
467	0.5202
468	0.4876
469	0.7499
470	0.8541
471	0.7331
472	0.9659
473	0.9705
474	0.4659
475	0.5485
476	0.4597
477	0.9745
478	0.4086
479	0.8888
480	0.5004
481	0.4685
482	0.4020
483	0.6255
484	0.5347
485	0.9244
486	0.8455
487	0.8172
488	0.9733
489	0.9733
490	0.9723
491	0.9565
492	0.9387
493	0.9747
494	0.9743
495	0.9754
496	0.8878
497	0.9733
498	0.9745
499	0.9766
500	0.6711
501	0.9451
502	0.9443
503	0.9794
504	0.9148
505	0.9393
506	0.8152
507	0.9800
508	0.9403
509	0.6158
510	0.9429
511	0.4884
512	0.7537
513	0.9784
514	0.4056
515	0.2549
516	0.6265
517	0.8828
518	0.9766
519	0.4054
520	0.3170
521	0.4824
522	0.4685
523	0.9810
524	0.9365
525	0.8273
526	0.9808
527	0.8503
528	0.3419
529	0.3178
530	0.3814
531	0.4000
532	0.3990
533	0.8713
534	0.8419
535	0.9253
536	0.9749
537	0.9786
538	0.9822
539	0.9850
540	0.9786
541	0.9719
542	0.9782
543	0.9655
544	0.5545
545	0.9749
546	0.4711
547	0.5531
548	0.4982
549	0.9122
550	0.4794
551	0.5303
552	0.3707
553	0.6070
554	0.8677
555	0.5409
556	0.9838
557	0.5317
558	0.5309
559	0.7776
560	0.9351
561	0.9421
562	0.9802
563	0.9870
564	0.9790
565	0.5627
566	0.9788
567	0.6132
568	0.8507
569	0.8964
570	0.9655
571	0.8850
572	0.4106
573	0.5625
574	0.9505
575	0.7946
576	0.1655
577	0.9341
578	0.9453
579	0.4994
580	0.9357
581	0.6020
582	0.3653
583	0.8577
584	0.5854
585	0.9477
586	0.9120
587	0.9521
588	0.9844
589	0.9383
590	0.9854
591	0.9882
592	0.9543
593	0.8944
594	0.9780
595	0.8743
596	0.9794
597	0.9794
598	0.8631
599	0.5170
600	0.6834
601	0.6601
602	0.7956
603	0.8064
604	0.2425
605	0.3699
606	0.3004
607	0.5747
608	0.5812
609	0.1992
610	0.6248
611	0.9425
612	0.4363
613	0.3381
614	0.3012
615	0.6842
616	0.8317
617	0.6188
618	0.5760
619	0.9228
620	0.9343
621	0.9856
622	0.3451
623	0.9828
624	0.9443
625	0.2617
626	0.4880
627	0.9800
628	0.9786
629	0.7770
630	0.9593
631	0.9309
632	0.9327
633	0.7136
634	0.9375
635	0.2545
636	0.7295
637	0.5573
638	0.3912
639	0.2970
640	0.3583
641	0.9743
642	0.3820
643	0.5657
644	0.9824
645	0.9156
646	0.5441
647	0.9665
648	0.9641
649	0.8721
650	0.8669
651	0.8563
652	0.9561
653	0.7589
654	0.6293
655	0.9579
656	0.9527
657	0.9321
658	0.9329
659	0.8561
660	0.9743
661	0.7417
662	0.5519
663	0.3525
664	0.5888
665	0.5487
666	0.5938
667	0.4970
668	0.3509
669	0.4379
670	0.9766
671	0.9852
672	0.5076
673	0.2565
674	0.9251
675	0.9461
676	0.8864
677	0.7218
678	0.5004
679	0.3739
680	0.2397
681	0.3844
682	0.7048
683	0.3397
684	0.3842
685	0.2190
686	0.7852
687	0.3774
688	0.1792
689	0.1537
690	0.2004
691	0.1641
692	0.4024
693	0.1331
694	0.1437
695	0.6780
696	0.8134
697	0.7174
698	0.7257
699	0.2593
700	0.5267
701	0.5892
702	0.4509
703	0.9555
704	0.7515
705	0.9619
706	0.9770
707	0.9756
708	0.6156
709	0.9846
710	0.9441
711	0.5226
712	0.9864
713	0.9846
714	0.9810
715	0.9784
716	0.8144
717	0.9104
718	0.4084
719	0.7110
720	0.4818
721	0.9806
722	0.4186
723	0.8124
724	0.8325
725	0.8834
726	0.4172
727	0.9842
728	0.9850
729	0.7802
730	0.9814
731	0.7966
732	0.9788
733	0.9052
734	0.9810
735	0.9545
736	0.9810
737	0.9800
738	0.9756
739	0.9824
740	0.9601
741	0.9804
742	0.9790
743	0.8104
744	0.9136
745	0.9673
746	0.9409
747	0.6597
748	0.6958
749	0.8403
750	0.8826
751	0.5331
752	0.8505
753	0.8539
754	0.7723
755	0.7074
756	0.9441
757	0.7812
758	0.8142
759	0.6575
760	0.9752
761	0.9473
762	0.8571
763	0.8399
764	0.8649
765	0.8279
766	0.6136
767	0.3537
768	0.8635
769	0.9619
770	0.5633
771	0.6950
772	0.9834
773	0.8287
774	0.7613
775	0.8790
776	0.3914
777	0.9629
778	0.9667
779	0.4042
780	0.3473
781	0.1968
782	0.3355
783	0.5655
784	0.1066
785	0.2253
786	0.4756
787	0.4836
788	0.2064
789	0.1826
790	0.1966
791	0.4090
792	0.2208
793	0.3635
794	0.3984
795	0.3908
796	0.1625
797	0.2693
798	0.2242
799	0.3667
800	0.4752
801	0.3261
802	0.5287
803	0.2683
804	0.2900
805	0.6172
806	0.3846
807	0.5419
808	0.5240
809	0.6090
810	0.2756
811	0.8251
812	0.2958
813	0.3072
814	0.6852
815	0.4090
816	0.8120
817	0.4689
818	0.4950
819	0.9749
820	0.7080
821	0.3703
822	0.6741
823	0.9449
824	0.7501
825	0.4208
826	0.9186
827	0.7739
828	0.7060
829	0.9856
830	0.4942
831	0.4319
832	0.4685
833	0.4904
834	0.7128
835	0.7677
836	0.2511
837	0.5579
838	0.4886
839	0.9818
840	0.9776
841	0.8307
842	0.9794
843	0.9776
844	0.9677
845	0.9834
846	0.4794
847	0.9824
848	0.8008
849	0.8140
850	0.6363
851	0.9824
852	0.8703
853	0.9142
854	0.9764
855	0.7150
856	0.4988
857	0.6164
858	0.3497
859	0.5559
860	0.2858
861	0.4996
862	0.4381
863	0.5735
864	0.2293
865	0.3188
866	0.3132
867	0.1483
868	0.3697
869	0.2202
870	0.1633
871	0.1846
872	0.1966
873	0.2255
874	0.5016
875	0.4930
876	0.3792
877	0.7603
878	0.8214
879	0.2802
880	0.3036
881	0.3625
882	0.5814
883	0.2621
884	0.5463
885	0.9703
886	0.5401
887	0.2385
888	0.5124
889	0.5990
890	0.6297
891	0.3529
892	0.2335
893	0.2842
894	0.4104
895	0.2569
896	0.2319
897	0.6339
898	0.2319
899	0.4986
900	0.5236
901	0.5100
902	0.6068
903	0.9814
904	0.9453
905	0.8858
906	0.7283
907	0.9828
908	0.9806
909	0.8990
910	0.9812
911	0.7743
912	0.7898
913	0.9259
914	0.5066
915	0.5489
916	0.5114
917	0.3421
918	0.7170
919	0.3202
920	0.3677
921	0.7950
922	0.5553
923	0.3383
924	0.3822
925	0.1824
926	0.3593
927	0.4872
928	0.5806
929	0.3315
930	0.5864
931	0.4130
932	0.4216
933	0.2549
934	0.5613
935	0.7092
936	0.2497
937	0.2415
938	0.8727
939	0.8471
940	0.6144
941	0.3082
942	0.4886
943	0.5447
944	0.6631
945	0.5134
946	0.5240
947	0.6709
948	0.7359
949	0.5285
950	0.4535
951	0.2389
952	0.3653
953	0.1972
954	0.1920
955	0.2948
956	0.3816
957	0.2709
958	0.1685
959	0.2575
960	0.2022
961	0.0918
962	0.1645
963	0.2439
964	0.3124
965	0.2814
966	0.1056
967	0.1108
968	0.1729
969	0.1032
970	0.1164
971	0.1553
972	0.0946
973	0.1040
974	0.1092
975	0.1623
976	0.1515
977	0.4836
978	0.1932
979	0.1846
980	0.9756
981	0.4475
982	0.2653
983	0.7802
984	0.5313
985	0.2369
986	0.3253
987	0.9138
988	0.3976
989	0.2230
990	0.2874
991	0.0335
992	0.8701
993	0.5595
994	0.2150
995	0.4391
996	0.4659
997	0.4739
998	0.3106
999	0.1495
1000	0.1814
1001	0.2335
1002	0.2210
1003	0.1599
1004	0.3954
1005	0.1559
1006	0.2914
1007	0.2309
1008	0.2389
1009	0.6216
1010	0.6507
1011	0.8383
1012	0.7838
1013	0.9770
1014	0.9790
1015	0.7986
1016	0.9735
1017	0.9788
1018	0.9419
1019	0.9758
1020	0.9782
1021	0.6102
1022	0.4776
1023	0.6888
1024	0.7401
1025	0.4846
1026	0.7651
1027	0.7944
1028	0.9463
1029	0.1956
1030	0.7695
1031	0.1846
1032	0.2922
1033	0.2511
1034	0.1874
1035	0.2162
1036	0.6279
1037	0.8104
1038	0.4341
1039	0.6305
1040	0.5044
1041	0.8892
1042	0.9768
1043	0.7840
1044	0.6790
1045	0.4689
1046	0.2164
1047	0.4164
1048	0.3968
1049	0.7413
1050	0.6092
1051	0.3317
1052	0.9772
1053	0.5024
1054	0.5098
1055	0.2050
1056	0.3976
1057	0.3926
1058	0.1924
1059	0.4856
1060	0.7391
1061	0.8307
1062	0.2609
1063	0.9693
1064	0.3325
1065	0.4475
1066	0.3679
1067	0.8485
1068	0.2509
1069	0.4423
1070	0.6792
1071	0.5745
1072	0.3707
1073	0.3112
1074	0.7940
1075	0.2194
1076	0.9723
1077	0.8413
1078	0.9361
1079	0.3030
1080	0.4689
1081	0.5367
1082	0.2970
1083	0.5212
1084	0.9705
1085	0.6988
1086	0.4920
1087	0.3351
1088	0.2804
1089	0.2148
1090	0.8790
1091	0.2220
1092	0.2709
1093	0.6441
1094	0.4926
1095	0.2687
1096	0.3076
1097	0.5884
1098	0.9341
1099	0.4840
1100	0.5862
1101	0.7457
1102	0.9717
1103	0.9715
1104	0.9439
1105	0.9741
1106	0.6052
1107	0.9729
1108	0.9220
1109	0.9709
1110	0.7956
1111	0.5920
1112	0.7910
1113	0.9427
1114	0.4134
1115	0.2998
1116	0.8186
1117	0.5760
1118	0.3034
1119	0.5599
1120	0.9743
1121	0.9721
1122	0.4737
1123	0.5721
1124	0.9593
1125	0.4870
1126	0.3671
1127	0.5980
1128	0.4461
1129	0.3345
1130	0.8593
1131	0.6387
1132	0.5220
1133	0.2293
1134	0.7926
1135	0.8104
1136	0.6633
1137	0.9697
1138	0.2437
1139	0.6729
1140	0.2573
1141	0.8990
1142	0.8972
1143	0.9739
1144	0.9601
1145	0.9695
1146	0.9232
1147	0.4974
1148	0.8503
1149	0.9557
1150	0.5846
1151	0.5499
1152	0.6066
1153	0.7667
1154	0.6032
1155	0.2194
1156	0.6421
1157	0.8421
1158	0.3782
1159	0.2074
1160	0.2725
1161	0.2453
1162	0.3471
1163	0.2361
1164	0.6892
1165	0.3711
1166	0.1778
1167	0.6701
1168	0.4986
1169	0.3333
1170	0.9713
1171	0.4004
1172	0.9639
1173	0.8749
1174	0.7625
1175	0.5673
1176	0.8098
1177	0.7307
1178	0.5353
1179	0.2752
1180	0.8794
1181	0.9713
1182	0.5910
1183	0.7082
1184	0.9739
1185	0.9725
1186	0.9655
1187	0.9649
1188	0.7411
1189	0.9721
1190	0.9697
1191	0.5319
1192	0.4008
1193	0.9729
1194	0.4593
1195	0.7194
1196	0.4313
1197	0.6455
1198	0.6253
1199	0.9611
1200	0.8034
1201	0.4146
1202	0.8325
1203	0.9709
1204	0.9014
1205	0.3523
1206	0.8156
1207	0.2737
1208	0.6792
1209	0.5417
1210	0.9705
1211	0.8525
1212	0.9581
1213	0.9661
1214	0.6737
1215	0.5377
1216	0.9661
1217	0.6629
1218	0.6152
1219	0.2269
1220	0.5667
1221	0.8387
1222	0.4279
1223	0.5491
1224	0.9042
1225	0.8782
1226	0.9671
1227	0.9705
1228	0.9545
1229	0.7934
1230	0.3451
1231	0.9667
1232	0.5507
1233	0.5080
1234	0.9573
1235	0.9495
1236	0.8251
1237	0.4764
1238	0.8561
1239	0.7818
1240	0.6208
1241	0.2517
1242	0.5529
1243	0.9693
1244	0.4511
1245	0.8289
1246	0.2289
1247	0.9643
1248	0.6639
1249	0.7116
1250	0.9497
1251	0.6263
1252	0.8315
1253	0.9289
1254	0.9603
1255	0.6653
1256	0.7964
1257	0.9603
1258	0.8768
1259	0.7459
1260	0.6098
1261	0.7633
1262	0.4906
1263	0.7196
1264	0.3760
1265	0.6086
1266	0.4483
1267	0.3741
1268	0.7595
1269	0.7026
1270	0.0946
1271	0.1583
1272	0.2922
1273	0.3820
1274	0.2878
1275	0.9457
1276	0.4589
1277	0.5451
1278	0.7950
1279	0.8425
1280	0.4212
1281	0.8030
1282	0.9335
1283	0.7655
1284	0.4964
1285	0.5244
1286	0.6956
1287	0.7301
1288	0.3437
1289	0.4078
1290	0.7982
1291	0.4315
1292	0.3786
1293	0.9409
1294	0.3277
1295	0.2064
1296	0.7982
1297	0.9623
1298	0.8637
1299	0.3537
1300	0.7066
1301	0.5164
1302	0.3166
1303	0.5487
1304	0.4196
1305	0.9443
1306	0.2537
1307	0.2222
1308	0.9699
1309	0.4265
1310	0.1673
1311	0.3104
1312	0.8054
1313	0.7918
1314	0.1944
1315	0.5024
1316	0.8335
1317	0.1954
1318	0.1695
1319	0.4102
1320	0.1130
1321	0.1483
1322	0.1208
1323	0.1517
1324	0.1737
1325	0.1709
1326	0.4477
1327	0.3549
1328	0.4004
1329	0.9355
1330	0.9651
1331	0.3655
1332	0.9032
1333	0.9623
1334	0.4022
1335	0.9379
1336	0.6675
1337	0.7766
1338	0.4056
1339	0.3960
1340	0.7541
1341	0.9663
1342	0.9571
1343	0.2401
1344	0.3645
1345	0.9224
1346	0.6637
1347	0.8030
1348	0.8756
1349	0.8285
1350	0.9144
1351	0.8719
1352	0.9359
1353	0.3475
1354	0.7906
1355	0.7078
1356	0.3200
1357	0.5497
1358	0.2932
1359	0.8944
1360	0.3888
1361	0.4591
1362	0.6968
1363	0.4222
1364	0.2928
1365	0.5591
1366	0.4689
1367	0.7361
1368	0.2639
1369	0.6561
1370	0.1635
1371	0.6453
1372	0.3970
1373	0.6539
1374	0.2257
1375	0.5942
1376	0.6794
1377	0.5160
1378	0.3725
1379	0.5409
1380	0.3689
1381	0.5072
1382	0.9108
1383	0.3148
1384	0.8850
1385	0.5333
1386	0.4487
1387	0.6128
1388	0.9477
1389	0.4683
1390	0.2479
1391	0.3234
1392	0.7880
1393	0.9289
1394	0.6667
1395	0.6876
1396	0.3046
1397	0.9515
1398	0.2555
1399	0.1156
1400	0.1379
1401	0.2493
1402	0.1906
1403	0.6234
1404	0.1273
1405	0.3703
1406	0.3623
1407	0.9373
1408	0.8906
1409	0.1647
1410	0.2341
1411	0.2675
1412	0.5613
1413	0.3737
1414	0.2411
1415	0.2918
1416	0.4846
1417	0.2024
1418	0.2846
1419	0.5555
1420	0.3405
1421	0.2772
1422	0.1998
1423	0.5074
1424	0.6926
1425	0.8687
1426	0.9555
1427	0.5958
1428	0.6329
1429	0.2567
1430	0.2882
