# Conservation scores for LYS9, accession GCF_000146045.2
# Position	Conservation_Score
1	0.2449
2	0.1689
3	0.1585
4	0.1443
5	0.2291
6	0.2725
7	0.5709
8	0.6617
9	0.9623
10	0.8068
11	0.9625
12	0.9727
13	0.6766
14	0.9735
15	0.8782
16	0.9721
17	0.4836
18	0.3361
19	0.9764
20	0.5802
21	0.3954
22	0.4762
23	0.3182
24	0.8090
25	0.2976
26	0.3150
27	0.4052
28	0.4381
29	0.4457
30	0.2248
31	0.7631
32	0.9190
33	0.8118
34	0.9373
35	0.8796
36	0.9445
37	0.8389
38	0.8772
39	0.5188
40	0.4872
41	0.9543
42	0.5040
43	0.3485
44	0.9301
45	0.5150
46	0.2475
47	0.5882
48	0.2014
49	0.3409
50	0.5509
51	0.4208
52	0.3178
53	0.6731
54	0.7934
55	0.8246
56	0.8673
57	0.9643
58	0.9166
59	0.4409
60	0.6880
61	0.3267
62	0.3936
63	0.8745
64	0.9461
65	0.6836
66	0.4812
67	0.4026
68	0.5583
69	0.5449
70	0.4253
71	0.4665
72	0.9092
73	0.6068
74	0.7567
75	0.8860
76	0.9840
77	0.9830
78	0.9421
79	0.9852
80	0.9683
81	0.8198
82	0.5453
83	0.9854
84	0.7647
85	0.3409
86	0.9695
87	0.7713
88	0.8491
89	0.6084
90	0.9727
91	0.9034
92	0.5721
93	0.2685
94	0.9361
95	0.6695
96	0.4521
97	0.9695
98	0.9717
99	0.9864
100	0.8735
101	0.9866
102	0.9870
103	0.7529
104	0.9261
105	0.9096
106	0.8992
107	0.7790
108	0.3916
109	0.8030
110	0.9319
111	0.6132
112	0.2874
113	0.4802
114	0.5553
115	0.7862
116	0.2938
117	0.9844
118	0.9747
119	0.9259
120	0.7886
121	0.9176
122	0.7926
123	0.9896
124	0.9932
125	0.9810
126	0.9932
127	0.8265
128	0.9916
129	0.9890
130	0.9874
131	0.7529
132	0.9884
133	0.9878
134	0.9721
135	0.8705
136	0.9916
137	0.8114
138	0.8473
139	0.8076
140	0.9583
141	0.5168
142	0.8798
143	0.9058
144	0.9154
145	0.3106
146	0.5034
147	0.9800
148	0.9774
149	0.9471
150	0.7589
151	0.3725
152	0.7866
153	0.9918
154	0.6591
155	0.9928
156	0.7986
157	0.9920
158	0.9870
159	0.9904
160	0.9902
161	0.9429
162	0.9355
163	0.9820
164	0.9497
165	0.2840
166	0.9098
167	0.6513
168	0.9884
169	0.9525
170	0.9619
171	0.9876
172	0.9890
173	0.9898
174	0.9886
175	0.9914
176	0.9914
177	0.9918
178	0.8038
179	0.9657
180	0.9944
181	0.9647
182	0.9912
183	0.9563
184	0.9892
185	0.9449
186	0.7399
187	0.9912
188	0.3259
189	0.9417
190	0.6595
191	0.5417
192	0.5481
193	0.3633
194	0.7585
195	0.8854
196	0.7094
197	0.3263
198	0.4613
199	0.2768
200	0.6240
201	0.3303
202	0.7563
203	0.3852
204	0.6028
205	0.9922
206	0.9804
207	0.5261
208	0.5405
209	0.9760
210	0.8603
211	0.9319
212	0.8477
213	0.5489
214	0.8545
215	0.7916
216	0.9335
217	0.7870
218	0.5269
219	0.8902
220	0.8697
221	0.9082
222	0.6749
223	0.9770
224	0.8661
225	0.9914
226	0.9904
227	0.9587
228	0.9912
229	0.7788
230	0.6323
231	0.6519
232	0.4758
233	0.7725
234	0.6575
235	0.9938
236	0.4715
237	0.9465
238	0.9487
239	0.9000
240	0.9158
241	0.4780
242	0.9234
243	0.4988
244	0.5992
245	0.9938
246	0.9922
247	0.9729
248	0.8874
249	0.9928
250	0.8912
251	0.7491
252	0.9890
253	0.9513
254	0.9086
255	0.7359
256	0.6988
257	0.5874
258	0.7507
259	0.4216
260	0.9293
261	0.9114
262	0.7601
263	0.4760
264	0.9786
265	0.7415
266	0.9703
267	0.4204
268	0.6212
269	0.3433
270	0.3118
271	0.2996
272	0.4194
273	0.3832
274	0.6679
275	0.2685
276	0.3349
277	0.5150
278	0.5196
279	0.3058
280	0.9806
281	0.4848
282	0.6780
283	0.7150
284	0.5968
285	0.3253
286	0.5158
287	0.3417
288	0.5800
289	0.8962
290	0.7377
291	0.3044
292	0.7479
293	0.4503
294	0.4758
295	0.6457
296	0.2870
297	0.7453
298	0.8391
299	0.3337
300	0.3583
301	0.6259
302	0.7701
303	0.2541
304	0.6928
305	0.7375
306	0.4966
307	0.2838
308	0.7411
309	0.2665
310	0.4228
311	0.2389
312	0.4766
313	0.4812
314	0.3984
315	0.2850
316	0.8393
317	0.7329
318	0.4621
319	0.4938
320	0.9409
321	0.7012
322	0.5786
323	0.9541
324	0.5287
325	0.9792
326	0.6786
327	0.8477
328	0.9451
329	0.6659
330	0.5200
331	0.4367
332	0.5998
333	0.5098
334	0.7900
335	0.8786
336	0.8541
337	0.8206
338	0.5459
339	0.9637
340	0.9659
341	0.8828
342	0.9455
343	0.9545
344	0.9479
345	0.6667
346	0.9735
347	0.9725
348	0.2840
349	0.7064
350	0.9146
351	0.7447
352	0.8094
353	0.6088
354	0.4507
355	0.7543
356	0.9874
357	0.9577
358	0.9906
359	0.4760
360	0.9467
361	0.6353
362	0.9878
363	0.9764
364	0.9904
365	0.7224
366	0.9884
367	0.5405
368	0.7721
369	0.8527
370	0.2896
371	0.5778
372	0.8892
373	0.9782
374	0.5218
375	0.4198
376	0.6643
377	0.8034
378	0.7924
379	0.9535
380	0.9511
381	0.9248
382	0.9106
383	0.4269
384	0.5210
385	0.9447
386	0.9834
387	0.3786
388	0.7331
389	0.3557
390	0.9196
391	0.7399
392	0.9255
393	0.7297
394	0.9842
395	0.9387
396	0.6124
397	0.5681
398	0.9810
399	0.9786
400	0.6950
401	0.9655
402	0.8407
403	0.5018
404	0.6046
405	0.9631
406	0.5846
407	0.4802
408	0.3954
409	0.8046
410	0.9695
411	0.7357
412	0.9653
413	0.5768
414	0.6443
415	0.4349
416	0.2659
417	0.5092
418	0.9802
419	0.5475
420	0.6960
421	0.9369
422	0.9810
423	0.5567
424	0.3888
425	0.3511
426	0.4307
427	0.7930
428	0.3898
429	0.3511
430	0.8806
431	0.5762
432	0.4100
433	0.6303
434	0.4146
435	0.9469
436	0.6892
437	0.6259
438	0.3713
439	0.6860
440	0.8862
441	0.7884
442	0.3623
443	0.3643
444	0.3409
445	0.9609
446	0.7048
447	0.6503
448	0.3685
