# Conservation scores for LYS1, accession GCF_000146045.2
# Position	Conservation_Score
1	0.1118
2	0.7709
3	0.4643
4	0.1629
5	0.3539
6	0.6373
7	0.5126
8	0.8681
9	0.9715
10	0.6425
11	0.9657
12	0.5964
13	0.9665
14	0.7579
15	0.5311
16	0.9804
17	0.5345
18	0.9820
19	0.6447
20	0.8319
21	0.8693
22	0.8385
23	0.9864
24	0.6425
25	0.8188
26	0.3864
27	0.8481
28	0.3948
29	0.9860
30	0.4156
31	0.6737
32	0.7072
33	0.9553
34	0.5703
35	0.2367
36	0.5687
37	0.2890
38	0.9224
39	0.9810
40	0.6792
41	0.7874
42	0.4790
43	0.5026
44	0.7601
45	0.8277
46	0.9525
47	0.4838
48	0.7739
49	0.3026
50	0.9126
51	0.5060
52	0.6000
53	0.3010
54	0.4251
55	0.9826
56	0.7200
57	0.2958
58	0.6974
59	0.8665
60	0.5100
61	0.4675
62	0.7110
63	0.7527
64	0.9148
65	0.3453
66	0.2780
67	0.9240
68	0.9090
69	0.3830
70	0.7102
71	0.2507
72	0.5315
73	0.9196
74	0.4236
75	0.9872
76	0.9820
77	0.9886
78	0.9872
79	0.8000
80	0.8417
81	0.8275
82	0.1230
83	0.4844
84	0.4453
85	0.6798
86	0.9142
87	0.9715
88	0.2473
89	0.9014
90	0.4134
91	0.8689
92	0.6351
93	0.4888
94	0.9872
95	0.9148
96	0.9864
97	0.9395
98	0.8172
99	0.9858
100	0.3443
101	0.9906
102	0.5098
103	0.9699
104	0.9603
105	0.4188
106	0.3098
107	0.8156
108	0.9870
109	0.3802
110	0.9854
111	0.7244
112	0.4830
113	0.5727
114	0.9561
115	0.5281
116	0.9078
117	0.7238
118	0.9471
119	0.5924
120	0.9918
121	0.9565
122	0.9924
123	0.9816
124	0.9876
125	0.2776
126	0.7890
127	0.3870
128	0.2194
129	0.9375
130	0.9756
131	0.9912
132	0.9557
133	0.9158
134	0.9850
135	0.9886
136	0.9924
137	0.4735
138	0.5365
139	0.9938
140	0.9942
141	0.7633
142	0.8086
143	0.9940
144	0.7411
145	0.9860
146	0.7084
147	0.5002
148	0.3126
149	0.3635
150	0.2547
151	0.7950
152	0.8339
153	0.4547
154	0.7715
155	0.5397
156	0.4920
157	0.5936
158	0.5024
159	0.1976
160	0.5188
161	0.5808
162	0.1228
163	0.7575
164	0.7469
165	0.4383
166	0.5178
167	0.2381
168	0.5862
169	0.8599
170	0.4505
171	0.9026
172	0.7605
173	0.4064
174	0.4002
175	0.8327
176	0.5050
177	0.2056
178	0.3435
179	0.6381
180	0.6629
181	0.3597
182	0.2996
183	0.5597
184	0.3240
185	0.2431
186	0.4888
187	0.1447
188	0.2269
189	0.4509
190	0.2834
191	0.7693
192	0.4996
193	0.3313
194	0.8583
195	0.3401
196	0.5176
197	0.7317
198	0.8016
199	0.7120
200	0.9956
201	0.9856
202	0.9760
203	0.9956
204	0.9888
205	0.9878
206	0.9888
207	0.4337
208	0.9950
209	0.9866
210	0.7170
211	0.7259
212	0.7066
213	0.2717
214	0.2617
215	0.6715
216	0.4002
217	0.9848
218	0.4972
219	0.7172
220	0.5242
221	0.4058
222	0.4962
223	0.8972
224	0.3571
225	0.6323
226	0.9864
227	0.9888
228	0.4711
229	0.4551
230	0.9888
231	0.9900
232	0.3884
233	0.5641
234	0.7549
235	0.9830
236	0.9808
237	0.7529
238	0.2281
239	0.9511
240	0.9601
241	0.3194
242	0.3661
243	0.4218
244	0.9611
245	0.8780
246	0.9631
247	0.5930
248	0.9910
249	0.9072
250	0.9539
251	0.9882
252	0.9840
253	0.7261
254	0.3236
255	0.4711
256	0.9415
257	0.8407
258	0.7523
259	0.9842
260	0.4856
261	0.4876
262	0.1375
263	0.6798
264	0.3864
265	0.7918
266	0.2353
267	0.2786
268	0.5697
269	0.3363
270	0.9830
271	0.3936
272	0.9802
273	0.6549
274	0.7790
275	0.5918
276	0.5238
277	0.9882
278	0.9675
279	0.9810
280	0.5585
281	0.9874
282	0.9222
283	0.9012
284	0.9224
285	0.9521
286	0.5154
287	0.9627
288	0.9826
289	0.8146
290	0.9812
291	0.6337
292	0.9768
293	0.3204
294	0.5842
295	0.4826
296	0.9028
297	0.7932
298	0.9884
299	0.5713
300	0.5699
301	0.9499
302	0.9152
303	0.8467
304	0.4924
305	0.8850
306	0.2279
307	0.2715
308	0.1679
309	0.1098
310	0.4293
311	0.6932
312	0.5788
313	0.9064
314	0.7188
315	0.9162
316	0.8222
317	0.9251
318	0.9848
319	0.9852
320	0.9832
321	0.9830
322	0.9802
323	0.7080
324	0.8098
325	0.9383
326	0.9497
327	0.9427
328	0.9844
329	0.5725
330	0.9846
331	0.8435
332	0.3834
333	0.9447
334	0.8882
335	0.1788
336	0.5293
337	0.9808
338	0.8792
339	0.9012
340	0.7952
341	0.8990
342	0.7168
343	0.3180
344	0.8856
345	0.4357
346	0.4784
347	0.7936
348	0.3531
349	0.4267
350	0.4862
351	0.4267
352	0.9611
353	0.9772
354	0.2124
355	0.3100
356	0.9737
357	0.7106
358	0.5816
359	0.9367
360	0.8605
361	0.2158
362	0.5381
363	0.7475
364	0.6208
365	0.6263
366	0.4018
367	0.6064
368	0.5439
369	0.1507
370	0.2641
371	0.1178
372	0.1006
373	0.4150
