# Conservation scores for ARO8, accession GCF_000146045.2
# Position	Conservation_Score
1	0.6681
2	0.2659
3	0.1842
4	0.3774
5	0.1423
6	0.4778
7	0.0062
8	0.0415
9	0.7681
10	0.0052
11	0.0291
12	0.8287
13	0.1832
14	0.2878
15	0.5519
16	0.2747
17	0.6112
18	0.7709
19	0.2030
20	0.7517
21	0.4545
22	0.4395
23	0.3808
24	0.9371
25	0.4457
26	0.4609
27	0.6739
28	0.2818
29	0.8651
30	0.8866
31	0.2363
32	0.5934
33	0.5549
34	0.3938
35	0.5313
36	0.5198
37	0.4293
38	0.2255
39	0.8681
40	0.7066
41	0.4595
42	0.8106
43	0.7621
44	0.9204
45	0.8084
46	0.8507
47	0.9786
48	0.0337
49	0.9778
50	0.5385
51	0.3908
52	0.4790
53	0.6333
54	0.9545
55	0.9772
56	0.5808
57	0.3998
58	0.3930
59	0.5002
60	0.5495
61	0.2623
62	0.4371
63	0.5890
64	0.7164
65	0.0369
66	0.6269
67	0.0014
68	0.0170
69	0.2088
70	0.3281
71	0.4647
72	0.1361
73	0.3321
74	0.7419
75	0.1399
76	0.2501
77	0.2940
78	0.4840
79	0.3220
80	0.4770
81	0.7635
82	0.2838
83	0.6291
84	0.8006
85	0.3671
86	0.2816
87	0.7299
88	0.8144
89	0.5433
90	0.9884
91	0.8311
92	0.5599
93	0.3413
94	0.3491
95	0.9816
96	0.4162
97	0.4657
98	0.5511
99	0.6818
100	0.5471
101	0.5810
102	0.6240
103	0.3729
104	0.5441
105	0.7872
106	0.7936
107	0.7820
108	0.6645
109	0.3776
110	0.5080
111	0.7255
112	0.3792
113	0.7992
114	0.6711
115	0.0074
116	0.0102
117	0.3244
118	0.8557
119	0.8649
120	0.2537
121	0.4337
122	0.3214
123	0.3513
124	0.5699
125	0.3064
126	0.9902
127	0.6345
128	0.8992
129	0.2431
130	0.6230
131	0.4335
132	0.4263
133	0.1964
134	0.4818
135	0.7136
136	0.7609
137	0.5048
138	0.6289
139	0.6232
140	0.2796
141	0.6186
142	0.8970
143	0.8868
144	0.2808
145	0.5431
146	0.8291
147	0.2926
148	0.9174
149	0.6683
150	0.5010
151	0.5571
152	0.7485
153	0.5333
154	0.4788
155	0.7102
156	0.4629
157	0.6603
158	0.6313
159	0.6148
160	0.1986
161	0.7164
162	0.4904
163	0.8659
164	0.5122
165	0.4311
166	0.2896
167	0.2818
168	0.4261
169	0.7006
170	0.3537
171	0.5110
172	0.9922
173	0.3236
174	0.4741
175	0.9946
176	0.5393
177	0.3834
178	0.8236
179	0.6062
180	0.2990
181	0.7279
182	0.6303
183	0.4118
184	0.3349
185	0.8309
186	0.4721
187	0.6499
188	0.9862
189	0.6583
190	0.3621
191	0.2371
192	0.3439
193	0.7393
194	0.4579
195	0.4910
196	0.7042
197	0.9707
198	0.3375
199	0.4617
200	0.7938
201	0.9758
202	0.8527
203	0.5537
204	0.9387
205	0.6064
206	0.9313
207	0.8661
208	0.9956
209	0.9958
210	0.9130
211	0.9701
212	0.6058
213	0.7796
214	0.5427
215	0.4828
216	0.3124
217	0.5395
218	0.9898
219	0.6990
220	0.4255
221	0.5399
222	0.5776
223	0.9351
224	0.4056
225	0.6114
226	0.6868
227	0.6860
228	0.8403
229	0.7102
230	0.9150
231	0.3770
232	0.3214
233	0.9327
234	0.3798
235	0.9926
236	0.9964
237	0.7283
238	0.9701
239	0.9960
240	0.9257
241	0.8130
242	0.9717
243	0.9375
244	0.7218
245	0.4625
246	0.6950
247	0.2980
248	0.4323
249	0.2553
250	0.7104
251	0.7872
252	0.8004
253	0.4120
254	0.8371
255	0.8557
256	0.4032
257	0.9565
258	0.0140
259	0.0255
260	0.0080
261	0.0116
262	0.0102
263	0.4261
264	0.6946
265	0.9776
266	0.9836
267	0.9914
268	0.3216
269	0.9898
270	0.4838
271	0.7878
272	0.8784
273	0.8876
274	0.9922
275	0.9954
276	0.7331
277	0.5329
278	0.5062
279	0.9158
280	0.9864
281	0.5333
282	0.9942
283	0.3990
284	0.9788
285	0.8994
286	0.5477
287	0.6453
288	0.5016
289	0.5168
290	0.3497
291	0.5216
292	0.4884
293	0.3439
294	0.6940
295	0.6918
296	0.3723
297	0.1972
298	0.5858
299	0.4727
300	0.3020
301	0.7569
302	0.4713
303	0.4870
304	0.2968
305	0.8838
306	0.2297
307	0.9216
308	0.7285
309	0.9651
310	0.4255
311	0.6643
312	0.9279
313	0.2433
314	0.3321
315	0.5263
316	0.3040
317	0.6038
318	0.7908
319	0.9026
320	0.4627
321	0.3329
322	0.9699
323	0.9255
324	0.6545
325	0.2830
326	0.9469
327	0.7515
328	0.7122
329	0.4856
330	0.2998
331	0.0409
332	0.0309
333	0.0269
334	0.6146
335	0.7840
336	0.3255
337	0.5363
338	0.9900
339	0.7377
340	0.2146
341	0.7172
342	0.9303
343	0.7240
344	0.2271
345	0.2673
346	0.4144
347	0.3180
348	0.7519
349	0.5996
350	0.5455
351	0.5313
352	0.4162
353	0.7495
354	0.3377
355	0.0874
356	0.3086
357	0.3453
358	0.4832
359	0.6527
360	0.2525
361	0.6589
362	0.9788
363	0.3140
364	0.8731
365	0.9846
366	0.9739
367	0.9790
368	0.3583
369	0.8238
370	0.3108
371	0.3036
372	0.4531
373	0.6529
374	0.2413
375	0.8617
376	0.0184
377	0.1543
378	0.2150
379	0.0016
380	0.0008
381	0.0008
382	0.0014
383	0.0038
384	0.0062
385	0.2162
386	0.0413
387	0.2611
388	0.4297
389	0.4303
390	0.4719
391	0.3631
392	0.0641
393	0.5413
394	0.1713
395	0.0261
396	0.2561
397	0.3008
398	0.4188
399	0.3697
400	0.2218
401	0.7764
402	0.7421
403	0.9034
404	0.4265
405	0.2329
406	0.4251
407	0.9551
408	0.7251
409	0.7263
410	0.9643
411	0.2483
412	0.5365
413	0.3677
414	0.1872
415	0.1379
416	0.1675
417	0.0437
418	0.3371
419	0.7273
420	0.7814
421	0.9792
422	0.5216
423	0.7577
424	0.5844
425	0.7601
426	0.6188
427	0.6415
428	0.4066
429	0.1962
430	0.5415
431	0.3503
432	0.3633
433	0.2052
434	0.6182
435	0.6649
436	0.6000
437	0.2575
438	0.8475
439	0.5423
440	0.6467
441	0.2150
442	0.5529
443	0.4491
444	0.5778
445	0.3756
446	0.4122
447	0.0257
448	0.0186
449	0.0259
450	0.0194
