# Conservation scores for LYS1, accession GCF_000146045.2
# Position	Conservation_Score
1	0.7709
2	0.4643
3	0.1583
4	0.3327
5	0.3539
6	0.6373
7	0.3705
8	0.8681
9	0.9715
10	0.6425
11	0.9657
12	0.5964
13	0.9665
14	0.7579
15	0.5311
16	0.9804
17	0.5345
18	0.9820
19	0.6447
20	0.8319
21	0.8693
22	0.8385
23	0.9864
24	0.6425
25	0.8188
26	0.3864
27	0.8481
28	0.3948
29	0.9860
30	0.4156
31	0.6737
32	0.7072
33	0.9553
34	0.5703
35	0.2367
36	0.5687
37	0.2890
38	0.9224
39	0.9810
40	0.6792
41	0.7874
42	0.4790
43	0.5026
44	0.7601
45	0.8277
46	0.9525
47	0.4838
48	0.7739
49	0.3026
50	0.9126
51	0.5060
52	0.6000
53	0.3010
54	0.4251
55	0.9826
56	0.7200
57	0.2958
58	0.6974
59	0.8665
60	0.5100
61	0.4675
62	0.7110
63	0.7527
64	0.9148
65	0.3453
66	0.2780
67	0.9240
68	0.9090
69	0.3830
70	0.7102
71	0.2507
72	0.5315
73	0.9196
74	0.4236
75	0.9872
76	0.9820
77	0.9886
78	0.9872
79	0.8000
80	0.8417
81	0.8275
82	0.1230
83	0.4844
84	0.4453
85	0.9142
86	0.9715
87	0.2473
88	0.9014
89	0.4134
90	0.8689
91	0.6351
92	0.4888
93	0.9872
94	0.9148
95	0.9864
96	0.9395
97	0.8172
98	0.9858
99	0.3443
100	0.9906
101	0.5098
102	0.9699
103	0.9603
104	0.4188
105	0.3098
106	0.8156
107	0.9870
108	0.3802
109	0.9854
110	0.7244
111	0.4830
112	0.5727
113	0.9561
114	0.5281
115	0.9078
116	0.7238
117	0.9471
118	0.5924
119	0.9918
120	0.9565
121	0.9924
122	0.9816
123	0.9876
124	0.2776
125	0.7890
126	0.3870
127	0.2194
128	0.9375
129	0.9756
130	0.9912
131	0.9557
132	0.9158
133	0.9850
134	0.9886
135	0.9924
136	0.4735
137	0.5365
138	0.9938
139	0.9942
140	0.7633
141	0.8086
142	0.9940
143	0.7411
144	0.9860
145	0.7084
146	0.5002
147	0.3126
148	0.3635
149	0.2547
150	0.7950
151	0.8339
152	0.4547
153	0.7715
154	0.5936
155	0.0547
156	0.5188
157	0.5808
158	0.4343
159	0.7575
160	0.7469
161	0.4383
162	0.5178
163	0.2381
164	0.5862
165	0.8599
166	0.4505
167	0.9026
168	0.7605
169	0.4064
170	0.4002
171	0.8327
172	0.5050
173	0.2056
174	0.3435
175	0.6381
176	0.6629
177	0.3597
178	0.2996
179	0.5597
180	0.4509
181	0.2088
182	0.2834
183	0.7693
184	0.4996
185	0.0870
186	0.8583
187	0.3401
188	0.5176
189	0.7317
190	0.8016
191	0.7120
192	0.9956
193	0.9856
194	0.9760
195	0.9956
196	0.9888
197	0.9878
198	0.9888
199	0.4337
200	0.9950
201	0.9866
202	0.7170
203	0.7259
204	0.7066
205	0.2717
206	0.2617
207	0.6715
208	0.4002
209	0.9848
210	0.4972
211	0.7172
212	0.5242
213	0.4058
214	0.4962
215	0.8972
216	0.3571
217	0.6323
218	0.9864
219	0.9888
220	0.4711
221	0.4551
222	0.9888
223	0.9900
224	0.3884
225	0.5641
226	0.7549
227	0.9830
228	0.9808
229	0.7529
230	0.2281
231	0.9511
232	0.9601
233	0.3194
234	0.3661
235	0.4218
236	0.9611
237	0.8780
238	0.9631
239	0.5930
240	0.9910
241	0.9072
242	0.9539
243	0.9882
244	0.9840
245	0.7261
246	0.3236
247	0.4711
248	0.9415
249	0.8407
250	0.7523
251	0.9842
252	0.4856
253	0.4876
254	0.1375
255	0.6798
256	0.3864
257	0.7918
258	0.2353
259	0.0932
260	0.2786
261	0.1906
262	0.5697
263	0.3363
264	0.9830
265	0.3936
266	0.9802
267	0.6549
268	0.7790
269	0.5918
270	0.5238
271	0.9882
272	0.9675
273	0.9810
274	0.5585
275	0.9874
276	0.9222
277	0.9012
278	0.9224
279	0.9521
280	0.5154
281	0.9627
282	0.9826
283	0.8146
284	0.9812
285	0.6337
286	0.9768
287	0.3204
288	0.5842
289	0.4826
290	0.9028
291	0.7932
292	0.9884
293	0.5713
294	0.5699
295	0.9499
296	0.9152
297	0.8467
298	0.4924
299	0.8850
300	0.2279
301	0.2715
302	0.1196
303	0.1679
304	0.1984
305	0.2170
306	0.6932
307	0.5788
308	0.9064
309	0.7188
310	0.9162
311	0.8222
312	0.9251
313	0.9848
314	0.9852
315	0.9832
316	0.9830
317	0.9802
318	0.7080
319	0.8098
320	0.9383
321	0.9497
322	0.9427
323	0.9844
324	0.5725
325	0.9846
326	0.8435
327	0.3834
328	0.9447
329	0.8882
330	0.1788
331	0.5293
332	0.9808
333	0.8792
334	0.9012
335	0.7952
336	0.8990
337	0.7168
338	0.3180
339	0.8856
340	0.4357
341	0.4784
342	0.7936
343	0.3531
344	0.4267
345	0.4862
346	0.4267
347	0.9611
348	0.9772
349	0.2124
350	0.3100
351	0.9737
352	0.7106
353	0.5816
354	0.9367
355	0.8605
356	0.2158
357	0.5381
358	0.7475
359	0.6208
360	0.6263
361	0.4018
362	0.6064
363	0.0559
364	0.1507
365	0.0601
366	0.2641
367	0.1006
368	0.4150
369	0.0796
