# Conservation scores for LYS12, accession GCF_000146045.2
# Position	Conservation_Score
1	0.1251
2	0.0820
3	0.1411
4	0.0573
5	0.0483
6	0.0240
7	0.1555
8	0.0565
9	0.7309
10	0.5525
11	0.1377
12	0.4689
13	0.3721
14	0.1060
15	0.8174
16	0.0998
17	0.5675
18	0.9126
19	0.6182
20	0.8960
21	0.9641
22	0.8898
23	0.9371
24	0.9351
25	0.7597
26	0.9731
27	0.9752
28	0.9653
29	0.9749
30	0.5621
31	0.9575
32	0.9535
33	0.8623
34	0.9513
35	0.9218
36	0.7200
37	0.6788
38	0.6104
39	0.4653
40	0.8669
41	0.8896
42	0.6084
43	0.8745
44	0.5828
45	0.1130
46	0.0721
47	0.7449
48	0.2126
49	0.6295
50	0.7896
51	0.3357
52	0.9529
53	0.6144
54	0.6902
55	0.8990
56	0.3525
57	0.9563
58	0.9589
59	0.7110
60	0.6206
61	0.6331
62	0.9595
63	0.3976
64	0.3677
65	0.7938
66	0.9549
67	0.3253
68	0.9347
69	0.9637
70	0.9816
71	0.6842
72	0.4603
73	0.9619
74	0.8285
75	0.4808
76	0.3062
77	0.9583
78	0.7555
79	0.2946
80	0.6707
81	0.9465
82	0.7577
83	0.8190
84	0.9770
85	0.9164
86	0.9625
87	0.9884
88	0.8894
89	0.9555
90	0.8455
91	0.9609
92	0.9872
93	0.5078
94	0.4707
95	0.6200
96	0.8226
97	0.3824
98	0.9864
99	0.9653
100	0.9383
101	0.9685
102	0.9653
103	0.9633
104	0.9687
105	0.8862
106	0.9836
107	0.9914
108	0.8908
109	0.4840
110	0.7764
111	0.6920
112	0.9870
113	0.8687
114	0.9912
115	0.9888
116	0.8725
117	0.9888
118	0.9892
119	0.9365
120	0.7647
121	0.5745
122	0.6655
123	0.2986
124	0.3369
125	0.0475
126	0.1896
127	0.3453
128	0.0459
129	0.4343
130	0.7341
131	0.0523
132	0.6028
133	0.9818
134	0.4920
135	0.8645
136	0.8673
137	0.8717
138	0.9948
139	0.9948
140	0.9938
141	0.9932
142	0.9926
143	0.7329
144	0.9673
145	0.9938
146	0.6762
147	0.9663
148	0.5545
149	0.9754
150	0.4136
151	0.6794
152	0.4034
153	0.4377
154	0.3234
155	0.5635
156	0.3186
157	0.9525
158	0.1407
159	0.6974
160	0.9613
161	0.6431
162	0.9641
163	0.6633
164	0.7523
165	0.7521
166	0.9804
167	0.7573
168	0.8056
169	0.3948
170	0.9768
171	0.8367
172	0.2479
173	0.8515
174	0.8964
175	0.5265
176	0.4196
177	0.5589
178	0.9754
179	0.5449
180	0.4910
181	0.7756
182	0.9840
183	0.8204
184	0.5593
185	0.9477
186	0.5816
187	0.3838
188	0.3561
189	0.2992
190	0.7974
191	0.9627
192	0.7319
193	0.7112
194	0.9850
195	0.9864
196	0.9599
197	0.9725
198	0.9607
199	0.9523
200	0.9459
201	0.6782
202	0.7920
203	0.9850
204	0.9848
205	0.9824
206	0.9118
207	0.9603
208	0.6806
209	0.6563
210	0.4200
211	0.7128
212	0.2281
213	0.5427
214	0.0733
215	0.0413
216	0.6034
217	0.0501
218	0.1685
219	0.4251
220	0.2605
221	0.2377
222	0.3661
223	0.4611
224	0.3236
225	0.3575
226	0.7036
227	0.1894
228	0.5230
229	0.6232
230	0.9575
231	0.9541
232	0.7774
233	0.9543
234	0.9852
235	0.9593
236	0.8735
237	0.9341
238	0.9539
239	0.5822
240	0.7455
241	0.9325
242	0.9156
243	0.5357
244	0.9822
245	0.6240
246	0.2050
247	0.6140
248	0.9547
249	0.9762
250	0.6405
251	0.9820
252	0.9463
253	0.9940
254	0.9854
255	0.9545
256	0.9828
257	0.9838
258	0.9796
259	0.9337
260	0.8098
261	0.9838
262	0.9790
263	0.8415
264	0.9473
265	0.9810
266	0.9543
267	0.9820
268	0.9517
269	0.9752
270	0.9611
271	0.9796
272	0.9852
273	0.7571
274	0.9345
275	0.9577
276	0.9760
277	0.8168
278	0.9838
279	0.8184
280	0.9657
281	0.5407
282	0.4246
283	0.8305
284	0.4952
285	0.7222
286	0.9543
287	0.9842
288	0.9633
289	0.7166
290	0.9788
291	0.9788
292	0.9737
293	0.9812
294	0.9782
295	0.9836
296	0.9832
297	0.4146
298	0.9681
299	0.6008
300	0.6715
301	0.8900
302	0.8864
303	0.9836
304	0.9838
305	0.8487
306	0.9796
307	0.7222
308	0.5519
309	0.9565
310	0.9828
311	0.3573
312	0.8467
313	0.8285
314	0.8513
315	0.9754
316	0.8204
317	0.7301
318	0.7004
319	0.7142
320	0.4800
321	0.4573
322	0.4291
323	0.7505
324	0.9768
325	0.6363
326	0.5148
327	0.9170
328	0.7972
329	0.3313
330	0.9782
331	0.9557
332	0.9082
333	0.6170
334	0.6838
335	0.8762
336	0.2830
337	0.7968
338	0.7888
339	0.5409
340	0.3178
341	0.7072
342	0.5058
343	0.9497
344	0.9806
345	0.7431
346	0.9571
347	0.9808
348	0.7002
349	0.6964
350	0.4780
351	0.9725
352	0.3182
353	0.6583
354	0.8723
355	0.4255
356	0.3754
357	0.7180
358	0.5062
359	0.6758
360	0.5142
361	0.7537
362	0.7958
