# Conservation scores for LYS2, accession GCF_000146045.2
# Position	Conservation_Score
1	0.5096
2	0.1214
3	0.1854
4	0.1852
5	0.1739
6	0.3277
7	0.4084
8	0.2182
9	0.3315
10	0.4956
11	0.1946
12	0.1950
13	0.4012
14	0.5808
15	0.2082
16	0.4238
17	0.3641
18	0.4401
19	0.1802
20	0.1148
21	0.1926
22	0.5589
23	0.3932
24	0.2341
25	0.5960
26	0.4551
27	0.4204
28	0.3647
29	0.3938
30	0.1435
31	0.1100
32	0.1064
33	0.0946
34	0.2864
35	0.1305
36	0.2699
37	0.4629
38	0.4884
39	0.1770
40	0.2323
41	0.3770
42	0.2683
43	0.1589
44	0.4527
45	0.3196
46	0.1381
47	0.1150
48	0.2076
49	0.1126
50	0.1651
51	0.1377
52	0.3228
53	0.1391
54	0.2860
55	0.3756
56	0.2357
57	0.1551
58	0.0745
59	0.0623
60	0.1848
61	0.0367
62	0.0523
63	0.0329
64	0.0355
65	0.0331
66	0.0082
67	0.0551
68	0.0036
69	0.0104
70	0.0645
71	0.0477
72	0.0852
73	0.0279
74	0.0236
75	0.0341
76	0.0693
77	0.1547
78	0.3387
79	0.1603
80	0.4321
81	0.1625
82	0.2327
83	0.2431
84	0.5737
85	0.2934
86	0.4042
87	0.4238
88	0.2050
89	0.3357
90	0.5804
91	0.2407
92	0.1623
93	0.5890
94	0.2673
95	0.5792
96	0.5355
97	0.5357
98	0.3150
99	0.5325
100	0.4439
101	0.2852
102	0.2393
103	0.3142
104	0.3164
105	0.3617
106	0.3603
107	0.1635
108	0.1222
109	0.1954
110	0.2285
111	0.2347
112	0.0924
113	0.4026
114	0.2471
115	0.3599
116	0.4948
117	0.5531
118	0.2000
119	0.1469
120	0.3739
121	0.2255
122	0.3347
123	0.2248
124	0.1928
125	0.2477
126	0.5721
127	0.1010
128	0.2108
129	0.3615
130	0.2493
131	0.1810
132	0.2178
133	0.3922
134	0.1932
135	0.1579
136	0.1621
137	0.2244
138	0.0541
139	0.3150
140	0.2437
141	0.1974
142	0.2563
143	0.3120
144	0.2593
145	0.3942
146	0.4377
147	0.2599
148	0.1772
149	0.1758
150	0.4527
151	0.1874
152	0.1824
153	0.1727
154	0.3483
155	0.1641
156	0.2433
157	0.0375
158	0.3459
159	0.0315
160	0.0152
161	0.0483
162	0.1553
163	0.5635
164	0.5180
165	0.5519
166	0.5244
167	0.2345
168	0.2890
169	0.3429
170	0.2178
171	0.2836
172	0.2248
173	0.1912
174	0.1994
175	0.2359
176	0.0054
177	0.1273
178	0.2515
179	0.3200
180	0.1563
181	0.1762
182	0.2549
183	0.2309
184	0.1798
185	0.3798
186	0.2665
187	0.1293
188	0.1581
189	0.3046
190	0.5986
191	0.4108
192	0.2240
193	0.2585
194	0.2671
195	0.3000
196	0.1715
197	0.0934
198	0.0922
199	0.0727
200	0.1625
201	0.1577
202	0.1291
203	0.2146
204	0.0691
205	0.1609
206	0.1293
207	0.0946
208	0.1984
209	0.1389
210	0.1511
211	0.2226
212	0.4649
213	0.1760
214	0.1812
215	0.2012
216	0.5788
217	0.5978
218	0.2802
219	0.3062
220	0.5599
221	0.4501
222	0.4281
223	0.2649
224	0.2251
225	0.5980
226	0.4579
227	0.1784
228	0.2146
229	0.2904
230	0.2830
231	0.2162
232	0.5631
233	0.4158
234	0.1770
235	0.3094
236	0.1942
237	0.3002
238	0.1236
239	0.2958
240	0.5729
241	0.2263
242	0.2044
243	0.2882
244	0.4946
245	0.1453
246	0.1581
247	0.2146
248	0.3836
249	0.4267
250	0.1832
251	0.3774
252	0.2024
253	0.3711
254	0.1593
255	0.5261
256	0.1617
257	0.2090
258	0.4062
259	0.2311
260	0.1966
261	0.1854
262	0.7379
263	0.9585
264	0.8497
265	0.9503
266	0.7515
267	0.3315
268	0.7621
269	0.9571
270	0.3281
271	0.9537
272	0.5802
273	0.2816
274	0.5455
275	0.4343
276	0.9567
277	0.6375
278	0.9509
279	0.5834
280	0.6158
281	0.8062
282	0.9545
283	0.4022
284	0.2431
285	0.9120
286	0.9429
287	0.3683
288	0.4293
289	0.6323
290	0.9559
291	0.5108
292	0.6900
293	0.3004
294	0.9134
295	0.8669
296	0.7046
297	0.8395
298	0.7283
299	0.0553
300	0.3419
301	0.1910
302	0.0659
303	0.3760
304	0.0635
305	0.8246
306	0.2315
307	0.8297
308	0.8188
309	0.9439
310	0.3760
311	0.6323
312	0.8956
313	0.4206
314	0.6319
315	0.7972
316	0.8172
317	0.8531
318	0.5190
319	0.6737
320	0.7010
321	0.7747
322	0.5573
323	0.8776
324	0.4074
325	0.2315
326	0.2397
327	0.9431
328	0.5637
329	0.3970
330	0.6860
331	0.7523
332	0.6347
333	0.9102
334	0.9479
335	0.8287
336	0.4950
337	0.7371
338	0.7862
339	0.4102
340	0.9593
341	0.6731
342	0.9391
343	0.8160
344	0.9269
345	0.7890
346	0.8036
347	0.7603
348	0.5944
349	0.8814
350	0.8164
351	0.4756
352	0.9689
353	0.6918
354	0.8768
355	0.9615
356	0.9050
357	0.8986
358	0.7585
359	0.8491
360	0.9549
361	0.6383
362	0.9707
363	0.9705
364	0.7178
365	0.9659
366	0.9739
367	0.8611
368	0.3142
369	0.9691
370	0.9661
371	0.2152
372	0.8062
373	0.9295
374	0.9593
375	0.2920
376	0.9573
377	0.7317
378	0.3291
379	0.9691
380	0.7545
381	0.6066
382	0.9305
383	0.4946
384	0.4687
385	0.7126
386	0.2114
387	0.5299
388	0.9569
389	0.9541
390	0.2653
391	0.7645
392	0.2998
393	0.3224
394	0.3411
395	0.9677
396	0.5988
397	0.3114
398	0.5689
399	0.8122
400	0.2940
401	0.4068
402	0.4509
403	0.9323
404	0.2741
405	0.5946
406	0.4267
407	0.4816
408	0.5838
409	0.5128
410	0.8611
411	0.5355
412	0.8092
413	0.3064
414	0.5998
415	0.2838
416	0.6000
417	0.7084
418	0.9389
419	0.3711
420	0.6571
421	0.2427
422	0.9222
423	0.8872
424	0.0136
425	0.0172
426	0.3096
427	0.2024
428	0.6743
429	0.4577
430	0.2072
431	0.3379
432	0.0008
433	0.2248
434	0.4754
435	0.4802
436	0.3397
437	0.2976
438	0.3140
439	0.4998
440	0.5894
441	0.8874
442	0.4898
443	0.7473
444	0.9717
445	0.9481
446	0.9683
447	0.9487
448	0.3056
449	0.6812
450	0.9321
451	0.9643
452	0.9623
453	0.9551
454	0.9784
455	0.9727
456	0.9806
457	0.9204
458	0.6848
459	0.9447
460	0.3958
461	0.9790
462	0.9788
463	0.9571
464	0.9685
465	0.3381
466	0.9605
467	0.9623
468	0.9703
469	0.6613
470	0.9517
471	0.9689
472	0.5202
473	0.4876
474	0.7499
475	0.8541
476	0.7331
477	0.9659
478	0.9705
479	0.4659
480	0.5485
481	0.4597
482	0.9745
483	0.4086
484	0.8888
485	0.5004
486	0.4685
487	0.4020
488	0.6255
489	0.5347
490	0.9244
491	0.8455
492	0.8172
493	0.9733
494	0.9733
495	0.9723
496	0.9565
497	0.9387
498	0.9747
499	0.9743
500	0.9754
501	0.8878
502	0.9733
503	0.9745
504	0.9766
505	0.6711
506	0.9451
507	0.9443
508	0.9794
509	0.9148
510	0.9393
511	0.8152
512	0.9800
513	0.9403
514	0.6158
515	0.9429
516	0.4884
517	0.7537
518	0.9784
519	0.4056
520	0.2549
521	0.6265
522	0.8828
523	0.9766
524	0.4054
525	0.3170
526	0.4824
527	0.4122
528	0.4685
529	0.9810
530	0.9365
531	0.8273
532	0.9808
533	0.8503
534	0.3419
535	0.3178
536	0.3814
537	0.4000
538	0.3990
539	0.8713
540	0.8419
541	0.9253
542	0.9749
543	0.9786
544	0.9822
545	0.9850
546	0.9786
547	0.9719
548	0.9782
549	0.9655
550	0.5545
551	0.9749
552	0.4711
553	0.5531
554	0.4982
555	0.9122
556	0.4794
557	0.5303
558	0.3707
559	0.6070
560	0.8677
561	0.5409
562	0.9838
563	0.5317
564	0.5309
565	0.7776
566	0.9351
567	0.9421
568	0.9802
569	0.9870
570	0.9790
571	0.5627
572	0.9788
573	0.6132
574	0.8507
575	0.8964
576	0.9655
577	0.8850
578	0.4106
579	0.5625
580	0.9505
581	0.7946
582	0.1655
583	0.9341
584	0.9453
585	0.4994
586	0.9357
587	0.6020
588	0.3653
589	0.8577
590	0.5854
591	0.9477
592	0.9120
593	0.9521
594	0.9844
595	0.9383
596	0.9854
597	0.9882
598	0.9543
599	0.8944
600	0.9780
601	0.8743
602	0.9794
603	0.9794
604	0.8631
605	0.5170
606	0.6834
607	0.6601
608	0.7956
609	0.8064
610	0.2425
611	0.3699
612	0.3004
613	0.5747
614	0.5812
615	0.1992
616	0.6248
617	0.9425
618	0.4363
619	0.3381
620	0.3012
621	0.6842
622	0.8317
623	0.6188
624	0.5760
625	0.9228
626	0.9343
627	0.9856
628	0.3451
629	0.9828
630	0.9443
631	0.2617
632	0.4880
633	0.9800
634	0.9786
635	0.7770
636	0.9593
637	0.9309
638	0.9327
639	0.7136
640	0.9375
641	0.2545
642	0.7295
643	0.5573
644	0.3912
645	0.0705
646	0.3583
647	0.9743
648	0.3820
649	0.5657
650	0.9824
651	0.9156
652	0.5441
653	0.9665
654	0.9641
655	0.8721
656	0.8669
657	0.8563
658	0.9561
659	0.7589
660	0.6293
661	0.9579
662	0.9527
663	0.9321
664	0.9329
665	0.8561
666	0.9743
667	0.7417
668	0.3098
669	0.5888
670	0.5487
671	0.5938
672	0.4970
673	0.3509
674	0.4379
675	0.9766
676	0.9852
677	0.5076
678	0.2565
679	0.9251
680	0.9461
681	0.8864
682	0.0619
683	0.0585
684	0.0447
685	0.5004
686	0.3739
687	0.2397
688	0.3397
689	0.3842
690	0.2190
691	0.7852
692	0.3774
693	0.1792
694	0.0463
695	0.1537
696	0.0766
697	0.0295
698	0.0313
699	0.0653
700	0.1447
701	0.2004
702	0.1641
703	0.4024
704	0.8134
705	0.1000
706	0.0850
707	0.7257
708	0.5267
709	0.5892
710	0.4509
711	0.9555
712	0.7515
713	0.9619
714	0.9770
715	0.9756
716	0.6156
717	0.9846
718	0.9441
719	0.5226
720	0.9864
721	0.9846
722	0.9810
723	0.9784
724	0.8144
725	0.9104
726	0.4084
727	0.7110
728	0.4818
729	0.9806
730	0.4186
731	0.8124
732	0.8325
733	0.8834
734	0.4172
735	0.9842
736	0.9850
737	0.7802
738	0.9814
739	0.7966
740	0.9788
741	0.9052
742	0.9810
743	0.9545
744	0.9810
745	0.9800
746	0.9756
747	0.9824
748	0.9601
749	0.9804
750	0.9790
751	0.8104
752	0.9136
753	0.9673
754	0.9409
755	0.6597
756	0.6958
757	0.8403
758	0.8826
759	0.5331
760	0.8505
761	0.8539
762	0.7723
763	0.7074
764	0.9441
765	0.7812
766	0.8142
767	0.6575
768	0.9752
769	0.9473
770	0.8571
771	0.8399
772	0.8649
773	0.8279
774	0.6136
775	0.3537
776	0.8635
777	0.9619
778	0.5633
779	0.6950
780	0.9834
781	0.8287
782	0.7613
783	0.8790
784	0.3914
785	0.9629
786	0.9667
787	0.1230
788	0.1012
789	0.1377
790	0.1251
791	0.4042
792	0.3473
793	0.1968
794	0.2253
795	0.4756
796	0.4836
797	0.2064
798	0.2936
799	0.2208
800	0.3635
801	0.0030
802	0.0014
803	0.0038
804	0.0044
805	0.3984
806	0.3908
807	0.2242
808	0.2433
809	0.0285
810	0.0088
811	0.0196
812	0.0240
813	0.3667
814	0.1447
815	0.4752
816	0.3261
817	0.5287
818	0.2683
819	0.2900
820	0.6172
821	0.3846
822	0.5419
823	0.5240
824	0.6090
825	0.2756
826	0.8251
827	0.2958
828	0.3072
829	0.6852
830	0.4090
831	0.8120
832	0.4689
833	0.4950
834	0.9749
835	0.7080
836	0.3703
837	0.6741
838	0.9449
839	0.7501
840	0.4208
841	0.9186
842	0.7739
843	0.7060
844	0.9856
845	0.4942
846	0.4319
847	0.4685
848	0.4904
849	0.7128
850	0.7677
851	0.2511
852	0.5579
853	0.4886
854	0.9818
855	0.9776
856	0.8307
857	0.9794
858	0.9776
859	0.9677
860	0.9834
861	0.4794
862	0.9824
863	0.8008
864	0.8140
865	0.6363
866	0.9824
867	0.8703
868	0.9142
869	0.9764
870	0.7150
871	0.4988
872	0.6164
873	0.3497
874	0.0647
875	0.0359
876	0.0196
877	0.0190
878	0.0070
879	0.0072
880	0.0078
881	0.0070
882	0.0016
883	0.0028
884	0.2858
885	0.4996
886	0.4381
887	0.5735
888	0.2293
889	0.3188
890	0.3132
891	0.1483
892	0.0459
893	0.0978
894	0.3697
895	0.2202
896	0.0212
897	0.0034
898	0.0006
899	0.0006
900	0.0008
901	0.0004
902	0.1633
903	0.1846
904	0.1966
905	0.2255
906	0.5016
907	0.4930
908	0.3792
909	0.7603
910	0.8214
911	0.2802
912	0.3036
913	0.3625
914	0.5814
915	0.2621
916	0.5463
917	0.9703
918	0.5401
919	0.2385
920	0.5124
921	0.5990
922	0.6297
923	0.3529
924	0.0715
925	0.2335
926	0.2842
927	0.4104
928	0.2569
929	0.0046
930	0.6339
931	0.2319
932	0.4986
933	0.5236
934	0.5100
935	0.6068
936	0.9814
937	0.9453
938	0.8858
939	0.7283
940	0.9828
941	0.9806
942	0.8990
943	0.9812
944	0.7743
945	0.7898
946	0.9259
947	0.5066
948	0.5489
949	0.5114
950	0.3421
951	0.7170
952	0.3202
953	0.3677
954	0.7950
955	0.5553
956	0.3383
957	0.3822
958	0.3593
959	0.4872
960	0.5806
961	0.3315
962	0.5864
963	0.4130
964	0.4216
965	0.2549
966	0.5613
967	0.7092
968	0.2497
969	0.2415
970	0.8727
971	0.8471
972	0.6144
973	0.3082
974	0.4886
975	0.5447
976	0.6631
977	0.5134
978	0.5240
979	0.6709
980	0.7359
981	0.5285
982	0.4535
983	0.2389
984	0.0902
985	0.0802
986	0.3653
987	0.1972
988	0.0012
989	0.1920
990	0.2948
991	0.3816
992	0.2709
993	0.0323
994	0.0369
995	0.0180
996	0.0106
997	0.0265
998	0.0421
999	0.0413
1000	0.0275
1001	0.0349
1002	0.0236
1003	0.0423
1004	0.0134
1005	0.0152
1006	0.0042
1007	0.2575
1008	0.2022
1009	0.0918
1010	0.0212
1011	0.0044
1012	0.0090
1013	0.0014
1014	0.0014
1015	0.0052
1016	0.0092
1017	0.0090
1018	0.1092
1019	0.1032
1020	0.1645
1021	0.2439
1022	0.3124
1023	0.1070
1024	0.4836
1025	0.9756
1026	0.4475
1027	0.2653
1028	0.7802
1029	0.5313
1030	0.2369
1031	0.3253
1032	0.9138
1033	0.3976
1034	0.2230
1035	0.2874
1036	0.8701
1037	0.5595
1038	0.2150
1039	0.4391
1040	0.4659
1041	0.4739
1042	0.3106
1043	0.0172
1044	0.0729
1045	0.2210
1046	0.1599
1047	0.1559
1048	0.2914
1049	0.2389
1050	0.6216
1051	0.6507
1052	0.8383
1053	0.7838
1054	0.9770
1055	0.9790
1056	0.7986
1057	0.9735
1058	0.9788
1059	0.9419
1060	0.9758
1061	0.9782
1062	0.6102
1063	0.4776
1064	0.6888
1065	0.7401
1066	0.4846
1067	0.7651
1068	0.7944
1069	0.9463
1070	0.1956
1071	0.7695
1072	0.2922
1073	0.0968
1074	0.0050
1075	0.0008
1076	0.0010
1077	0.0010
1078	0.0008
1079	0.0060
1080	0.0924
1081	0.2511
1082	0.2162
1083	0.0631
1084	0.6279
1085	0.8104
1086	0.4341
1087	0.6305
1088	0.5044
1089	0.8892
1090	0.9768
1091	0.7840
1092	0.6790
1093	0.4689
1094	0.2164
1095	0.4164
1096	0.3968
1097	0.7413
1098	0.6092
1099	0.3317
1100	0.9772
1101	0.5024
1102	0.5098
1103	0.2050
1104	0.3976
1105	0.3926
1106	0.1924
1107	0.4856
1108	0.7391
1109	0.8307
1110	0.2609
1111	0.9693
1112	0.3325
1113	0.4475
1114	0.3679
1115	0.8485
1116	0.2509
1117	0.4423
1118	0.0844
1119	0.1731
1120	0.6792
1121	0.5745
1122	0.3707
1123	0.3112
1124	0.7940
1125	0.2194
1126	0.9723
1127	0.8413
1128	0.9361
1129	0.0008
1130	0.3030
1131	0.4689
1132	0.5367
1133	0.2970
1134	0.5212
1135	0.9705
1136	0.6988
1137	0.4920
1138	0.3351
1139	0.2804
1140	0.2148
1141	0.8790
1142	0.2220
1143	0.2709
1144	0.6441
1145	0.4926
1146	0.2687
1147	0.3076
1148	0.5884
1149	0.9341
1150	0.4840
1151	0.5862
1152	0.7457
1153	0.9717
1154	0.9715
1155	0.9439
1156	0.9741
1157	0.6052
1158	0.9729
1159	0.9220
1160	0.9709
1161	0.7956
1162	0.5920
1163	0.7910
1164	0.9427
1165	0.4134
1166	0.2998
1167	0.8186
1168	0.5760
1169	0.3034
1170	0.5599
1171	0.9743
1172	0.9721
1173	0.4737
1174	0.5721
1175	0.9593
1176	0.4870
1177	0.3671
1178	0.5980
1179	0.4461
1180	0.3345
1181	0.8593
1182	0.6387
1183	0.5220
1184	0.2293
1185	0.0030
1186	0.7926
1187	0.8104
1188	0.6633
1189	0.9697
1190	0.2437
1191	0.6729
1192	0.2573
1193	0.8990
1194	0.8972
1195	0.9739
1196	0.9601
1197	0.9695
1198	0.9232
1199	0.4974
1200	0.8503
1201	0.9557
1202	0.5846
1203	0.5499
1204	0.6066
1205	0.7667
1206	0.6032
1207	0.2194
1208	0.6421
1209	0.8421
1210	0.3782
1211	0.2074
1212	0.2725
1213	0.2453
1214	0.3471
1215	0.6892
1216	0.3711
1217	0.1778
1218	0.0006
1219	0.0016
1220	0.0014
1221	0.0014
1222	0.0012
1223	0.0014
1224	0.0012
1225	0.0060
1226	0.0080
1227	0.0062
1228	0.0038
1229	0.0066
1230	0.0068
1231	0.0126
1232	0.0020
1233	0.0160
1234	0.0405
1235	0.6701
1236	0.4986
1237	0.3333
1238	0.9713
1239	0.4004
1240	0.9639
1241	0.8749
1242	0.7625
1243	0.5673
1244	0.8098
1245	0.7307
1246	0.5353
1247	0.2752
1248	0.8794
1249	0.9713
1250	0.5910
1251	0.7082
1252	0.9739
1253	0.9725
1254	0.9655
1255	0.9649
1256	0.7411
1257	0.9721
1258	0.9697
1259	0.5319
1260	0.4008
1261	0.9729
1262	0.4593
1263	0.7194
1264	0.4313
1265	0.6455
1266	0.6253
1267	0.9611
1268	0.8034
1269	0.4146
1270	0.8325
1271	0.9709
1272	0.9014
1273	0.3523
1274	0.8156
1275	0.2737
1276	0.6792
1277	0.5417
1278	0.9705
1279	0.8525
1280	0.9581
1281	0.9661
1282	0.6737
1283	0.5377
1284	0.9661
1285	0.6629
1286	0.6152
1287	0.2269
1288	0.5667
1289	0.8387
1290	0.4279
1291	0.5491
1292	0.9042
1293	0.8782
1294	0.9671
1295	0.9705
1296	0.9545
1297	0.7934
1298	0.3451
1299	0.9667
1300	0.5507
1301	0.5080
1302	0.9573
1303	0.9495
1304	0.8251
1305	0.4764
1306	0.8561
1307	0.7818
1308	0.6208
1309	0.2517
1310	0.5529
1311	0.9693
1312	0.4511
1313	0.8289
1314	0.2289
1315	0.9643
1316	0.6639
1317	0.7116
1318	0.9497
1319	0.6263
1320	0.8315
1321	0.9289
1322	0.9603
1323	0.6653
1324	0.7964
1325	0.9603
1326	0.8768
1327	0.7459
1328	0.6098
1329	0.7633
1330	0.4906
1331	0.7196
1332	0.3760
1333	0.6086
1334	0.4483
1335	0.0024
1336	0.7595
1337	0.1703
1338	0.0122
1339	0.0028
1340	0.0032
1341	0.0042
1342	0.0058
1343	0.0030
1344	0.0028
1345	0.0008
1346	0.0008
1347	0.0008
1348	0.0004
1349	0.0004
1350	0.0008
1351	0.0008
1352	0.0032
1353	0.0056
1354	0.7026
1355	0.1583
1356	0.0978
1357	0.2922
1358	0.3820
1359	0.2878
1360	0.9457
1361	0.4589
1362	0.5451
1363	0.7950
1364	0.8425
1365	0.4212
1366	0.8030
1367	0.9335
1368	0.7655
1369	0.4964
1370	0.5244
1371	0.6956
1372	0.7301
1373	0.3437
1374	0.4078
1375	0.7982
1376	0.4315
1377	0.3786
1378	0.9409
1379	0.3277
1380	0.2064
1381	0.7982
1382	0.9623
1383	0.8637
1384	0.3537
1385	0.7066
1386	0.5164
1387	0.3166
1388	0.5487
1389	0.4196
1390	0.9443
1391	0.2537
1392	0.2222
1393	0.9699
1394	0.4265
1395	0.1673
1396	0.3104
1397	0.8054
1398	0.7918
1399	0.1944
1400	0.5024
1401	0.8335
1402	0.1389
1403	0.2186
1404	0.0008
1405	0.0006
1406	0.0006
1407	0.0010
1408	0.0004
1409	0.0008
1410	0.0006
1411	0.0004
1412	0.0004
1413	0.0026
1414	0.1954
1415	0.4477
1416	0.3549
1417	0.4004
1418	0.9355
1419	0.9651
1420	0.3655
1421	0.9032
1422	0.9623
1423	0.4022
1424	0.9379
1425	0.6675
1426	0.7766
1427	0.4056
1428	0.3960
1429	0.7541
1430	0.9663
1431	0.9571
1432	0.2401
1433	0.3645
1434	0.9224
1435	0.6637
1436	0.8030
1437	0.8756
1438	0.8285
1439	0.9144
1440	0.8719
1441	0.9359
1442	0.3475
1443	0.7906
1444	0.7078
1445	0.3200
1446	0.5497
1447	0.2932
1448	0.8944
1449	0.3888
1450	0.4591
1451	0.0010
1452	0.0068
1453	0.6968
1454	0.5591
1455	0.4689
1456	0.7361
1457	0.0084
1458	0.6561
1459	0.0255
1460	0.0046
1461	0.1635
1462	0.6453
1463	0.2257
1464	0.5942
1465	0.6794
1466	0.5160
1467	0.3725
1468	0.5409
1469	0.3689
1470	0.5072
1471	0.9108
1472	0.3148
1473	0.8850
1474	0.5333
1475	0.4487
1476	0.6128
1477	0.9477
1478	0.4683
1479	0.2479
1480	0.3234
1481	0.7880
1482	0.9289
1483	0.6667
1484	0.6876
1485	0.3046
1486	0.9515
1487	0.2555
1488	0.1156
1489	0.0004
1490	0.0004
1491	0.0006
1492	0.0006
1493	0.0006
1494	0.0008
1495	0.0004
1496	0.0010
1497	0.0006
1498	0.0964
1499	0.2493
1500	0.0098
1501	0.0028
1502	0.1273
1503	0.3703
1504	0.3623
1505	0.9373
1506	0.8906
1507	0.2675
1508	0.5613
1509	0.3737
1510	0.2411
1511	0.0521
1512	0.2918
1513	0.2024
1514	0.0006
1515	0.2846
1516	0.5555
1517	0.5074
1518	0.8687
1519	0.9555
1520	0.5958
1521	0.6329
1522	0.2567
