# Conservation scores for LYS4, accession GCF_000146045.2
# Position	Conservation_Score
1	0.0595
2	0.0190
3	0.0218
4	0.0058
5	0.0032
6	0.0050
7	0.0046
8	0.0040
9	0.0034
10	0.0030
11	0.0030
12	0.0048
13	0.0022
14	0.0012
15	0.0006
16	0.0014
17	0.0028
18	0.0048
19	0.0026
20	0.0030
21	0.0036
22	0.0066
23	0.0034
24	0.0040
25	0.0016
26	0.0016
27	0.0016
28	0.0004
29	0.0006
30	0.0008
31	0.0006
32	0.0004
33	0.0024
34	0.0032
35	0.0024
36	0.0024
37	0.0018
38	0.0154
39	0.0190
40	0.0170
41	0.0275
42	0.0188
43	0.0172
44	0.0040
45	0.0024
46	0.0036
47	0.0068
48	0.0060
49	0.0174
50	0.0295
51	0.0261
52	0.0220
53	0.0190
54	0.0026
55	0.0026
56	0.0028
57	0.0026
58	0.0026
59	0.0062
60	0.0054
61	0.0070
62	0.0022
63	0.0022
64	0.0024
65	0.0030
66	0.0004
67	0.0022
68	0.0022
69	0.0022
70	0.0022
71	0.0032
72	0.0022
73	0.0026
74	0.0054
75	0.0026
76	0.0024
77	0.0026
78	0.0006
79	0.0006
80	0.0012
81	0.0002
82	0.0002
83	0.0002
84	0.0006
85	0.0004
86	0.0002
87	0.0002
88	0.0004
89	0.0004
90	0.0002
91	0.0006
92	0.0004
93	0.0002
94	0.0004
95	0.0002
96	0.0004
97	0.0002
98	0.0006
99	0.0004
100	0.0002
101	0.0004
102	0.0002
103	0.0006
104	0.0006
105	0.0022
106	0.0022
107	0.0034
108	0.0022
109	0.0010
110	0.0006
111	0.0004
112	0.0004
113	0.0006
114	0.0010
115	0.0004
116	0.0004
117	0.0006
118	0.0006
119	0.0004
120	0.0006
121	0.0008
122	0.0006
123	0.0006
124	0.0004
125	0.0004
126	0.0006
127	0.0002
128	0.0002
129	0.0002
130	0.0002
131	0.0002
132	0.0002
133	0.0002
134	0.0002
135	0.0002
136	0.0006
137	0.0006
138	0.0004
139	0.0006
140	0.0024
141	0.0022
142	0.0022
143	0.0030
144	0.0024
145	0.0022
146	0.0022
147	0.0022
148	0.0026
149	0.0024
150	0.0022
151	0.0022
152	0.0032
153	0.0028
154	0.0034
155	0.0040
156	0.0070
157	0.0054
158	0.0104
159	0.0038
160	0.0036
161	0.0002
162	0.0004
163	0.0002
164	0.0004
165	0.0004
166	0.0002
167	0.0002
168	0.0006
169	0.0004
170	0.0002
171	0.0008
172	0.0002
173	0.0004
174	0.0004
175	0.0002
176	0.0002
177	0.0002
178	0.0002
179	0.0002
180	0.0004
181	0.0004
182	0.0008
183	0.0008
184	0.0006
185	0.0008
186	0.0024
187	0.0022
188	0.0024
189	0.0024
190	0.0022
191	0.0024
192	0.0024
193	0.0022
194	0.0022
195	0.0022
196	0.0022
197	0.0022
198	0.0022
199	0.0022
200	0.0022
201	0.0024
202	0.0022
203	0.0022
204	0.0026
205	0.0022
206	0.0024
207	0.0028
208	0.0024
209	0.0022
210	0.0022
211	0.0004
212	0.0006
213	0.0006
214	0.0006
215	0.0004
216	0.0008
217	0.0022
218	0.0024
219	0.0022
220	0.0022
221	0.0024
222	0.0034
223	0.0084
224	0.0050
225	0.0036
226	0.0058
227	0.0034
228	0.0006
229	0.0016
230	0.0010
231	0.0010
232	0.0022
233	0.0032
234	0.0022
235	0.0022
236	0.0026
237	0.0022
238	0.0022
239	0.0032
240	0.0022
241	0.0022
242	0.0022
243	0.0028
244	0.0022
245	0.0030
246	0.0026
247	0.0024
248	0.0022
249	0.0022
250	0.0022
251	0.0022
252	0.0006
253	0.0006
254	0.0004
255	0.0004
256	0.0002
257	0.0004
258	0.0006
259	0.0004
260	0.0004
261	0.0008
262	0.0002
263	0.0004
264	0.0004
265	0.0002
266	0.0002
267	0.0002
268	0.0002
269	0.0004
270	0.0002
271	0.0002
272	0.0002
273	0.0002
274	0.0002
275	0.0002
276	0.0004
277	0.0002
278	0.0002
279	0.0002
280	0.0002
281	0.0006
282	0.0002
283	0.0004
284	0.0002
285	0.0004
286	0.0004
287	0.0006
288	0.0014
289	0.0002
290	0.0006
291	0.0010
292	0.0004
293	0.0004
294	0.0006
295	0.0004
296	0.0004
297	0.0008
298	0.0004
299	0.0004
300	0.0002
301	0.0006
302	0.0004
303	0.0004
304	0.0002
305	0.0002
306	0.0006
307	0.0004
308	0.0002
309	0.0004
310	0.0006
311	0.0006
312	0.0006
313	0.0008
314	0.0004
315	0.0008
316	0.0234
317	0.0154
318	0.0335
319	0.1437
320	0.4090
321	0.0351
322	0.0036
323	0.1373
324	0.1739
325	0.6637
326	0.0625
327	0.1623
328	0.0397
329	0.0439
330	0.0134
331	0.0595
332	0.4281
333	0.0417
334	0.0365
335	0.1549
336	0.5271
337	0.0996
338	0.0854
339	0.0752
340	0.1962
341	0.8521
342	0.2739
343	0.4353
344	0.2731
345	0.5493
346	0.3271
347	0.5717
348	0.2766
349	0.2810
350	0.1739
351	0.2591
352	0.7094
353	0.9329
354	0.7186
355	0.8154
356	0.6725
357	0.9485
358	0.9437
359	0.8695
360	0.8369
361	0.9319
362	0.4020
363	0.7439
364	0.6032
365	0.7130
366	0.7214
367	0.8517
368	0.4752
369	0.4042
370	0.7389
371	0.7230
372	0.2401
373	0.8303
374	0.4210
375	0.6291
376	0.9459
377	0.9194
378	0.8699
379	0.8132
380	0.4281
381	0.5487
382	0.2531
383	0.9449
384	0.4100
385	0.5279
386	0.5922
387	0.8910
388	0.7291
389	0.9591
390	0.9529
391	0.9499
392	0.6445
393	0.6798
394	0.8607
395	0.8066
396	0.6954
397	0.4653
398	0.9497
399	0.9283
400	0.9102
401	0.4962
402	0.6858
403	0.5503
404	0.4214
405	0.5030
406	0.6629
407	0.2812
408	0.9597
409	0.5172
410	0.9327
411	0.4513
412	0.8208
413	0.9094
414	0.9760
415	0.9762
416	0.9529
417	0.8305
418	0.9180
419	0.9509
420	0.7743
421	0.7433
422	0.7214
423	0.6267
424	0.9673
425	0.8800
426	0.4138
427	0.9587
428	0.9587
429	0.2098
430	0.3669
431	0.9477
432	0.8715
433	0.2916
434	0.9481
435	0.9148
436	0.5457
437	0.3733
438	0.6218
439	0.7265
440	0.5495
441	0.6998
442	0.8455
443	0.9026
444	0.8960
445	0.9303
446	0.9511
447	0.8174
448	0.9669
449	0.9074
450	0.9267
451	0.9729
452	0.9631
453	0.7463
454	0.7838
455	0.6054
456	0.9727
457	0.9471
458	0.9467
459	0.8433
460	0.9387
461	0.5465
462	0.9786
463	0.6453
464	0.7166
465	0.5232
466	0.4427
467	0.9685
468	0.9196
469	0.9617
470	0.9776
471	0.9772
472	0.9800
473	0.8896
474	0.9429
475	0.6635
476	0.9659
477	0.9782
478	0.9220
479	0.5096
480	0.9062
481	0.6860
482	0.8475
483	0.9826
484	0.9573
485	0.7904
486	0.4208
487	0.9663
488	0.9661
489	0.9591
490	0.9699
491	0.9355
492	0.9567
493	0.4719
494	0.8355
495	0.9427
496	0.9455
497	0.9619
498	0.8381
499	0.3523
500	0.9122
501	0.9673
502	0.9232
503	0.8846
504	0.6010
505	0.9770
506	0.8263
507	0.6028
508	0.7519
509	0.6794
510	0.9146
511	0.3834
512	0.6128
513	0.4212
514	0.9577
515	0.2084
516	0.8942
517	0.7964
518	0.3691
519	0.9713
520	0.9417
521	0.7996
522	0.9705
523	0.9894
524	0.9898
525	0.7918
526	0.9840
527	0.8449
528	0.8854
529	0.9752
530	0.7707
531	0.9228
532	0.7581
533	0.9573
534	0.7347
535	0.4303
536	0.9661
537	0.5343
538	0.9743
539	0.9737
540	0.9749
541	0.7100
542	0.9166
543	0.8425
544	0.9906
545	0.9764
546	0.6774
547	0.9882
548	0.4974
549	0.5349
550	0.3986
551	0.2679
552	0.6230
553	0.7804
554	0.4882
555	0.5347
556	0.8786
557	0.4681
558	0.9856
559	0.9339
560	0.7188
561	0.9565
562	0.8301
563	0.9892
564	0.9896
565	0.9174
566	0.9671
567	0.9896
568	0.9491
569	0.9689
570	0.9768
571	0.9228
572	0.4529
573	0.9485
574	0.6848
575	0.9794
576	0.9427
577	0.4389
578	0.9860
579	0.2760
580	0.3816
581	0.8319
582	0.2491
583	0.2515
584	0.8792
585	0.5253
586	0.5669
587	0.5537
588	0.4920
589	0.2972
590	0.4461
591	0.4365
592	0.4108
593	0.2355
594	0.1146
595	0.1084
596	0.1024
597	0.1768
598	0.1166
599	0.0707
600	0.0613
601	0.0631
602	0.0627
603	0.0657
604	0.0693
605	0.0888
606	0.3665
607	0.1104
608	0.1341
609	0.1064
610	0.2447
611	0.4002
612	0.3962
613	0.7954
614	0.4178
615	0.5126
616	0.5116
617	0.3778
618	0.5840
619	0.5236
620	0.4900
621	0.3581
622	0.8679
623	0.3972
624	0.2826
625	0.4998
626	0.4349
627	0.5930
628	0.2327
629	0.7661
630	0.9431
631	0.3393
632	0.5804
633	0.9802
634	0.2040
635	0.9822
636	0.8655
637	0.8589
638	0.2842
639	0.9439
640	0.3553
641	0.7401
642	0.7405
643	0.9816
644	0.7106
645	0.8194
646	0.9403
647	0.5990
648	0.8838
649	0.6198
650	0.8892
651	0.8158
652	0.9824
653	0.9928
654	0.9411
655	0.9567
656	0.9735
657	0.9735
658	0.7373
659	0.6619
660	0.7697
661	0.7808
662	0.8078
663	0.1405
664	0.4461
665	0.9695
666	0.5507
667	0.3212
668	0.5790
669	0.3525
670	0.8094
671	0.6006
672	0.6062
673	0.6098
674	0.9190
675	0.9693
676	0.9770
677	0.8810
678	0.9267
679	0.9886
680	0.9924
681	0.8880
682	0.9864
683	0.9206
684	0.9846
685	0.6226
686	0.9072
687	0.9916
688	0.5629
689	0.6156
690	0.7559
691	0.9876
692	0.9898
693	0.3397
694	0.9379
695	0.5804
696	0.5826
697	0.7589
698	0.3505
699	0.8104
700	0.4842
701	0.8074
702	0.3814
703	0.8076
704	0.9768
705	0.4782
706	0.8555
707	0.9741
708	0.5806
709	0.9242
710	0.9553
711	0.9752
712	0.9914
713	0.3832
714	0.3754
715	0.5743
716	0.8375
717	0.2687
718	0.3208
719	0.8904
720	0.8160
721	0.4665
722	0.4609
723	0.9908
724	0.7657
725	0.9754
726	0.6711
727	0.3118
728	0.9385
729	0.5479
730	0.4200
731	0.9529
732	0.9872
733	0.8315
734	0.2667
735	0.6102
736	0.9327
737	0.9150
738	0.6112
739	0.9445
740	0.9850
741	0.8689
742	0.8457
743	0.9836
744	0.9295
745	0.9818
746	0.9605
747	0.9695
748	0.5900
749	0.9699
750	0.9565
751	0.9691
752	0.7695
753	0.5421
754	0.9665
755	0.9411
756	0.8287
757	0.9565
758	0.9463
759	0.9840
760	0.9653
761	0.5327
762	0.9874
763	0.9878
764	0.9858
765	0.7938
766	0.9501
767	0.9830
768	0.9896
769	0.9533
770	0.9880
771	0.8786
772	0.3806
773	0.5561
774	0.9495
775	0.4766
776	0.9341
777	0.9537
778	0.9884
779	0.8234
780	0.9906
781	0.9872
782	0.6359
783	0.8840
784	0.9800
785	0.9731
786	0.9836
787	0.9770
788	0.9780
789	0.6110
790	0.2437
791	0.9866
792	0.5230
793	0.8581
794	0.4216
795	0.7259
796	0.9661
797	0.5577
798	0.3511
799	0.7062
800	0.3798
801	0.2988
802	0.2315
803	0.3295
804	0.5719
805	0.1499
806	0.3928
807	0.3541
808	0.3317
809	0.3774
810	0.1932
811	0.1561
812	0.2080
813	0.1758
814	0.6766
815	0.1992
816	0.4868
817	0.0212
818	0.1335
819	0.2535
820	0.1966
821	0.1956
822	0.3369
823	0.2267
824	0.3238
825	0.1601
826	0.1808
827	0.1998
828	0.1729
829	0.2287
830	0.5092
831	0.0954
832	0.5499
833	0.6824
834	0.7317
835	0.8854
836	0.9733
837	0.9667
838	0.5882
839	0.3904
840	0.4054
841	0.3707
842	0.9709
843	0.7916
844	0.5992
845	0.5818
846	0.7567
847	0.6749
848	0.6900
849	0.6954
850	0.9695
851	0.9772
852	0.5599
853	0.7788
854	0.9848
855	0.9852
856	0.7886
857	0.9210
858	0.9695
859	0.9639
860	0.9687
861	0.9379
862	0.8992
863	0.9677
864	0.9683
865	0.8303
866	0.9665
867	0.5958
868	0.5184
869	0.4385
870	0.2551
871	0.7146
872	0.5154
873	0.8295
874	0.8485
875	0.4627
876	0.8601
877	0.6545
878	0.9585
879	0.8347
880	0.9703
881	0.9595
882	0.9631
883	0.5000
884	0.3904
885	0.9737
886	0.2347
887	0.2469
888	0.4060
889	0.0944
890	0.0810
891	0.0557
892	0.1010
893	0.0816
894	0.0246
895	0.0295
896	0.0291
897	0.0144
898	0.0210
899	0.0443
900	0.0064
901	0.0060
902	0.0158
903	0.0377
904	0.5521
905	0.5184
906	0.3343
907	0.7972
908	0.8226
909	0.7970
910	0.7170
911	0.8571
912	0.5962
913	0.9729
914	0.6725
915	0.9625
916	0.9747
917	0.9802
918	0.5339
919	0.9808
920	0.9804
921	0.9788
922	0.9812
923	0.9794
924	0.9639
925	0.9671
926	0.9669
927	0.9619
928	0.8257
929	0.6345
930	0.8020
931	0.8285
932	0.6339
933	0.4850
934	0.7443
935	0.7128
936	0.8353
937	0.9084
938	0.7411
939	0.6449
940	0.9236
941	0.9770
942	0.8417
943	0.8028
944	0.7186
945	0.8228
946	0.9535
947	0.6427
948	0.9655
949	0.9788
950	0.7136
951	0.8289
952	0.9647
953	0.9709
954	0.7633
955	0.9669
956	0.4341
957	0.4499
958	0.5589
959	0.9493
960	0.4643
961	0.9503
962	0.4242
963	0.9617
964	0.5038
965	0.3110
966	0.1749
967	0.9459
968	0.7703
969	0.6158
970	0.2379
971	0.6132
972	0.1864
973	0.1836
974	0.1437
975	0.1796
976	0.0503
977	0.1307
978	0.2623
979	0.1579
980	0.1339
981	0.1663
982	0.1054
983	0.2760
984	0.1892
985	0.4802
986	0.7617
987	0.9028
988	0.6615
989	0.8124
990	0.0321
991	0.9174
992	0.8176
993	0.4208
994	0.4980
995	0.3232
996	0.7299
997	0.7347
998	0.6976
999	0.4709
1000	0.5018
1001	0.5958
1002	0.3701
1003	0.7539
1004	0.2681
1005	0.7922
1006	0.3325
1007	0.6776
1008	0.0076
1009	0.4890
1010	0.2130
1011	0.1014
1012	0.1561
1013	0.1587
1014	0.5723
1015	0.2230
1016	0.2687
1017	0.1754
1018	0.1094
1019	0.7034
1020	0.8836
1021	0.4848
1022	0.7140
1023	0.6533
1024	0.9577
1025	0.7786
1026	0.7946
1027	0.7437
1028	0.5521
1029	0.3178
1030	0.9367
1031	0.9669
1032	0.9523
1033	0.9449
1034	0.3774
1035	0.8557
1036	0.8547
1037	0.0836
1038	0.7691
1039	0.2587
1040	0.5986
1041	0.1729
1042	0.2954
1043	0.1545
1044	0.0745
1045	0.0196
1046	0.0150
1047	0.0056
1048	0.0050
