# Conservation scores for LYS12, accession GCF_000146045.2
# Position	Conservation_Score
1	0.7309
2	0.5525
3	0.1377
4	0.4689
5	0.0910
6	0.3721
7	0.1060
8	0.1130
9	0.0952
10	0.0830
11	0.0942
12	0.0822
13	0.8174
14	0.0932
15	0.0836
16	0.0998
17	0.5675
18	0.0852
19	0.0870
20	0.0930
21	0.0870
22	0.1499
23	0.0958
24	0.9126
25	0.6182
26	0.8960
27	0.9641
28	0.8898
29	0.9371
30	0.9351
31	0.7597
32	0.9731
33	0.9752
34	0.9653
35	0.9749
36	0.5621
37	0.9575
38	0.9535
39	0.8623
40	0.9513
41	0.9218
42	0.7200
43	0.6788
44	0.6104
45	0.4653
46	0.8669
47	0.8896
48	0.6084
49	0.8745
50	0.6711
51	0.4046
52	0.5164
53	0.5343
54	0.5828
55	0.7449
56	0.6295
57	0.7896
58	0.3357
59	0.9529
60	0.6144
61	0.6902
62	0.8990
63	0.3525
64	0.9563
65	0.9589
66	0.7110
67	0.6206
68	0.6331
69	0.9595
70	0.3976
71	0.3677
72	0.7938
73	0.9549
74	0.3253
75	0.9347
76	0.9637
77	0.9816
78	0.6842
79	0.4603
80	0.9619
81	0.8285
82	0.4808
83	0.3062
84	0.9583
85	0.7555
86	0.2946
87	0.6707
88	0.9465
89	0.7577
90	0.8190
91	0.9770
92	0.9164
93	0.9625
94	0.9884
95	0.8894
96	0.9555
97	0.8455
98	0.9609
99	0.9872
100	0.5078
101	0.4707
102	0.6200
103	0.8226
104	0.3824
105	0.9864
106	0.9653
107	0.9383
108	0.9685
109	0.9653
110	0.9633
111	0.9687
112	0.8862
113	0.9836
114	0.9914
115	0.8908
116	0.4840
117	0.7764
118	0.6920
119	0.9870
120	0.8687
121	0.9912
122	0.9888
123	0.8725
124	0.9888
125	0.9892
126	0.9365
127	0.7647
128	0.5745
129	0.6655
130	0.2986
131	0.3980
132	0.3369
133	0.1896
134	0.3453
135	0.4343
136	0.7341
137	0.6028
138	0.9818
139	0.4920
140	0.8645
141	0.8673
142	0.8717
143	0.9948
144	0.9948
145	0.9938
146	0.9932
147	0.9926
148	0.7329
149	0.9673
150	0.9938
151	0.6762
152	0.9663
153	0.5545
154	0.9754
155	0.4136
156	0.6794
157	0.4034
158	0.0868
159	0.4377
160	0.3234
161	0.5635
162	0.3186
163	0.9525
164	0.1407
165	0.5856
166	0.6974
167	0.9613
168	0.6431
169	0.9641
170	0.6633
171	0.7523
172	0.7521
173	0.9804
174	0.7573
175	0.8056
176	0.3948
177	0.9768
178	0.8367
179	0.2479
180	0.8515
181	0.8964
182	0.5265
183	0.4196
184	0.5589
185	0.9754
186	0.5449
187	0.4910
188	0.7756
189	0.9840
190	0.8204
191	0.5593
192	0.9477
193	0.5816
194	0.3838
195	0.3667
196	0.8595
197	0.3561
198	0.2351
199	0.6531
200	0.2992
201	0.7974
202	0.9627
203	0.7319
204	0.7112
205	0.9850
206	0.9864
207	0.9599
208	0.9725
209	0.9607
210	0.9523
211	0.9459
212	0.6782
213	0.7920
214	0.9850
215	0.9848
216	0.9824
217	0.9118
218	0.9603
219	0.6806
220	0.6563
221	0.4200
222	0.7128
223	0.2281
224	0.5427
225	0.6034
226	0.1685
227	0.4251
228	0.2605
229	0.2377
230	0.3661
231	0.1413
232	0.4611
233	0.3236
234	0.3575
235	0.7036
236	0.1894
237	0.5230
238	0.6232
239	0.9575
240	0.9541
241	0.7774
242	0.9543
243	0.9852
244	0.9593
245	0.8735
246	0.9341
247	0.9539
248	0.5822
249	0.7455
250	0.9325
251	0.9156
252	0.5357
253	0.9822
254	0.6240
255	0.2050
256	0.6140
257	0.9547
258	0.9762
259	0.6405
260	0.9820
261	0.9463
262	0.9940
263	0.9854
264	0.9545
265	0.9828
266	0.9838
267	0.9796
268	0.9337
269	0.8098
270	0.9838
271	0.9790
272	0.8415
273	0.9473
274	0.9810
275	0.9543
276	0.9820
277	0.9517
278	0.9752
279	0.9611
280	0.9796
281	0.9852
282	0.7571
283	0.9345
284	0.9577
285	0.9760
286	0.8168
287	0.9838
288	0.8184
289	0.9657
290	0.5407
291	0.4246
292	0.8305
293	0.4952
294	0.7222
295	0.9543
296	0.9842
297	0.9633
298	0.7166
299	0.9788
300	0.9788
301	0.9737
302	0.9812
303	0.9782
304	0.9836
305	0.9832
306	0.4146
307	0.9681
308	0.6008
309	0.6715
310	0.8900
311	0.8864
312	0.9836
313	0.9838
314	0.8487
315	0.9796
316	0.7222
317	0.5519
318	0.9565
319	0.9828
320	0.3573
321	0.8467
322	0.8285
323	0.8513
324	0.9754
325	0.8204
326	0.7301
327	0.7004
328	0.7142
329	0.4800
330	0.4573
331	0.4291
332	0.7505
333	0.9768
334	0.6363
335	0.5148
336	0.9170
337	0.7972
338	0.3313
339	0.9782
340	0.9557
341	0.9082
342	0.6170
343	0.6838
344	0.8762
345	0.2830
346	0.7968
347	0.7888
348	0.5409
349	0.3178
350	0.7072
351	0.5058
352	0.9497
353	0.9806
354	0.7431
355	0.9571
356	0.9808
357	0.7002
358	0.6964
359	0.4780
360	0.9725
361	0.3182
362	0.6583
363	0.8723
364	0.4255
365	0.3754
366	0.7180
367	0.5062
368	0.6758
369	0.5142
370	0.7537
371	0.7958
